32.76763,320.24412
32.76627,320.23887
32.76532,320.23643
32.7614,320.23603
32.75747,320.23752
32.75232,320.23745
32.7456,320.2352
32.73937,320.23107
32.73468,320.22537
32.73127,320.21785
32.73312,320.21178
32.73272,320.20363
32.73133,320.19578
32.73042,320.1906
32.72982,320.18742
32.72645,320.186
32.72082,320.18268
32.71442,320.18033
32.7084,320.17615
32.70282,320.17343
32.69822,320.16932
32.69502,320.16698
32.69275,320.16417
32.68832,320.16238
32.68598,320.15912
32.6842,320.15732
32.67998,320.1571
32.67525,320.1573
32.6711,320.1578
32.66368,320.15778
32.65828,320.15613
32.65272,320.15543
32.65113,320.15115
32.64868,320.14598
32.649,320.14075
32.64963,320.13793
32.65267,320.13532
32.65547,320.13453
32.656,320.13493
32.65578,320.13742
32.65332,320.14082
32.64807,320.14432
32.64255,320.14693
32.63515,320.14497
32.62853,320.14205
32.6233,320.13645
32.61788,320.12977
32.6138,320.12385
32.60942,320.11932
32.60615,320.11763
32.6025,320.1199
32.5988,320.12148
32.59648,320.12245
32.59348,320.12517
32.58908,320.12665
32.58258,320.12605
32.5761,320.12078
32.57027,320.1148
32.56588,320.10902
32.56207,320.1021
32.55872,320.09357
32.55868,320.08572
32.559,320.07993
32.56288,320.07533
32.56525,320.06958
32.5685,320.06467
32.57098,320.06317
32.57138,320.06562
32.5687,320.06702
32.5644,320.06487
32.5615,320.05797
32.56063,320.0502
32.5596,320.04498
32.55893,320.03805
32.5584,320.03195
32.55908,320.02258
32.56167,320.01117
32.56448,320.00417
32.56703,320.00073
32.56943,320.00118
32.56928,320.00448
32.56728,320.00863
32.56203,320.01223
32.55602,320.01367
32.55332,320.01192
32.55228,320.00707
32.55308,320.00015
32.55453,319.99273
32.55983,319.9868
32.56507,319.98497
32.5691,319.98457
32.57062,319.98365
32.57103,319.98118
32.57117,319.9802
32.56917,319.9792
32.56667,319.97925
32.56407,319.97723
32.56008,319.97522
32.55775,319.9712
32.5573,319.96603
32.55905,319.95933
32.56227,319.9555
32.56488,319.95523
32.56622,319.95672
32.56703,319.96107
32.5651,319.9677
32.5617,319.97175
32.55817,319.97712
32.55507,319.98095
32.5511,319.9836
32.54735,319.9826
32.54483,319.9806
32.54427,319.97548
32.54565,319.97137
32.5472,319.96813
32.5482,319.96597
32.54925,319.96728
32.54898,319.9673
32.54857,319.96632
32.54733,319.96403
32.54808,319.9617
32.54873,319.95768
32.5522,319.95555
32.55585,319.95305
32.5597,319.94918
32.56675,319.94513
32.57385,319.94638
32.5804,319.95158
32.58542,319.9583
32.58838,319.96415
32.58912,319.96957
32.58835,319.97685
32.58598,319.98083
32.58213,319.98062
32.58052,319.97658
32.58232,319.97097
32.58587,319.9673
32.59115,319.96282
32.59592,319.9581
32.5996,319.95227
32.6041,319.94742
32.60795,319.94288
32.61267,319.94305
32.61535,319.94637
32.61568,319.94968
32.61268,319.95107
32.61,319.94737
32.61077,319.94087
32.61218,319.93428
32.61517,319.927
32.6192,319.92107
32.6221,319.91805
32.62482,319.91448
32.62623,319.91137
32.62763,319.90543
32.63273,319.89903
32.6383,319.89295
32.6431,319.88558
32.65027,319.87788
32.65822,319.86985
32.66598,319.86247
32.67223,319.85643
32.67655,319.85032
32.68005,319.84357
32.6839,319.83747
32.68637,319.83093
32.69058,319.82292
32.69443,319.81348
32.69685,319.80553
32.69865,319.79667
32.69858,319.78545
32.70237,319.7735
32.7038,319.76217
32.70258,319.74968
32.70127,319.73615
32.70142,319.72238
32.69997,319.70767
32.6981,319.69347
32.69515,319.67992
32.69405,319.66445
32.69282,319.64943
32.69372,319.63163
32.69507,319.6166
32.69638,319.60465
32.69527,319.5935
32.69238,319.57853
32.68753,319.56232
32.68365,319.5461
32.6776,319.5309
32.67192,319.51608
32.6656,319.50402
32.65882,319.49367
32.65202,319.48187
32.64578,319.4675
32.64108,319.45387
32.63595,319.44153
32.63082,319.42975
32.62613,319.4202
32.62233,319.41115
32.61943,319.40205
32.61665,319.39573
32.61617,319.3882
32.6149,319.38428
32.61337,319.38212
32.61045,319.38197
32.60627,319.38207
32.6002,319.3821
32.5933,319.38037
32.5866,319.37542
32.5809,319.37248
32.5758,319.37205
32.57033,319.36932
32.56422,319.3672
32.5585,319.36738
32.54972,319.36887
32.53902,319.36757
32.52852,319.36483
32.51918,319.35985
32.51353,319.35592
32.51058,319.35258
32.50918,319.35302
32.5069,319.35542
32.50217,319.35835
32.49458,319.35967
32.48612,319.36245
32.47582,319.36137
32.4673,319.35743
32.4621,319.35603
32.45702,319.35797
32.45068,319.3648
32.4414,319.37505
32.43148,319.38593
32.42217,319.39865
32.41258,319.41002
32.40148,319.4192
32.38878,319.42725
32.37888,319.43305
32.37205,319.43972
32.36553,319.44617
32.36012,319.45107
32.35492,319.45527
32.34853,319.46043
32.34345,319.4667
32.33853,319.474
32.33388,319.4799
32.33007,319.48698
32.3253,319.49747
32.32203,319.50788
32.31987,319.51858
32.31772,319.5279
32.31495,319.53607
32.31273,319.54513
32.31133,319.5538
32.31097,319.56633
32.30872,319.57997
32.30628,319.59248
32.30168,319.60188
32.29667,319.60798
32.2897,319.6109
32.28413,319.6127
32.27777,319.61355
32.27218,319.60978
32.27062,319.6057
32.26912,319.60197
32.27008,319.5999
32.27102,319.60137
32.27285,319.60143
32.2746,319.60017
32.27632,319.60115
32.27842,319.59923
32.2823,319.59637
32.28822,319.59747
32.29577,319.6007
32.30287,319.60418
32.30785,319.6073
32.31127,319.61558
32.31268,319.62535
32.31175,319.6345
32.30673,319.64057
32.3016,319.64455
32.29618,319.64768
32.29067,319.65135
32.28707,319.65245
32.28545,319.65543
32.28315,319.66002
32.28002,319.66227
32.27557,319.66468
32.27017,319.6655
32.2658,319.66525
32.2633,319.66348
32.26103,319.65675
32.25942,319.64857
32.25735,319.63832
32.2592,319.63017
32.26503,319.62245
32.27272,319.61448
32.28337,319.60962
32.29688,319.60777
32.31065,319.61065
32.31873,319.61623
32.3258,319.62212
32.32942,319.62802
32.33078,319.63385
32.33137,319.64147
32.3274,319.65022
32.32503,319.65703
32.32343,319.66018
32.31925,319.66508
32.31302,319.66982
32.30655,319.66963
32.30325,319.66428
32.301,319.6553
32.29605,319.64383
32.291,319.62868
32.2891,319.61233
32.28855,319.59718
32.28965,319.58475
32.2924,319.57368
32.29735,319.55993
32.30775,319.54953
32.32027,319.54272
32.33095,319.53858
32.34133,319.5343
32.35128,319.52852
32.3603,319.52325
32.36838,319.52008
32.37517,319.51897
32.37987,319.5187
32.38243,319.51583
32.38105,319.51338
32.37918,319.50985
32.37873,319.50217
32.37803,319.4923
32.37728,319.48053
32.37777,319.46595
32.37888,319.44757
32.38327,319.4293
32.38892,319.4117
32.39467,319.39483
32.40007,319.37757
32.40442,319.36067
32.4137,319.34335
32.42417,319.32825
32.4361,319.31862
32.44747,319.31557
32.4558,319.314
32.46178,319.31437
32.4657,319.31473
32.47067,319.31368
32.4762,319.31357
32.47865,319.3142
32.48078,319.31227
32.47988,319.30973
32.47968,319.30612
32.47908,319.30337
32.47787,319.29842
32.476,319.29157
32.47558,319.2807
32.47888,319.26658
32.4857,319.25433
32.49532,319.24563
32.50517,319.24098
32.51253,319.23883
32.51795,319.23555
32.52152,319.2319
32.52535,319.2277
32.53017,319.22267
32.53397,319.22035
32.5356,319.21728
32.53597,319.21458
32.53682,319.2114
32.5386,319.20848
32.53958,319.20618
32.54117,319.20258
32.54072,319.19937
32.5415,319.19497
32.54343,319.18918
32.54415,319.18072
32.54577,319.17112
32.54913,319.16508
32.55325,319.15712
32.55778,319.15062
32.56058,319.14427
32.56428,319.1393
32.56757,319.13493
32.57053,319.13213
32.57143,319.12898
32.57018,319.12665
32.56885,319.12223
32.56713,319.11763
32.56768,319.1134
32.56792,319.10857
32.56943,319.10303
32.57108,319.09802
32.5716,319.09258
32.57265,319.08417
32.57397,319.07447
32.57793,319.06352
32.58392,319.05603
32.58918,319.053
32.5959,319.05267
32.60018,319.05367
32.60443,319.0564
32.60693,319.06113
32.60675,319.0655
32.60148,319.06842
32.59505,319.06443
32.58955,319.05922
32.5852,319.05095
32.58485,319.0408
32.58588,319.03257
32.58647,319.02467
32.58868,319.0157
32.59378,319.01027
32.59852,319.00555
32.60202,319.00432
32.60455,319.00422
32.60548,319.00275
32.60505,319.00227
32.60552,319.00308
32.6061,319.00673
32.60648,319.0116
32.60672,319.01858
32.60527,319.02662
32.59957,319.03457
32.59233,319.03727
32.58475,319.03648
32.57672,319.03398
32.56927,319.02797
32.5612,319.0228
32.55453,319.01655
32.55092,319.0097
32.54883,319.00285
32.5498,318.99422
32.55123,318.98848
32.55257,318.98717
32.55207,318.98523
32.55213,318.98623
32.55067,318.9893
32.54845,318.99003
32.54745,318.99097
32.54687,318.99367
32.54543,318.9969
32.54452,319.00025
32.54385,319.00648
32.54177,319.01643
32.54048,319.02987
32.53692,319.04165
32.52817,319.05112
32.51905,319.05667
32.51122,319.06048
32.50153,319.06245
32.48925,319.06448
32.47855,319.0644
32.47142,319.06007
32.4638,319.05445
32.45477,319.04587
32.44923,319.03825
32.44772,319.03143
32.4485,319.02478
32.45038,319.01993
32.45115,319.01782
32.45133,319.01603
32.4523,319.0185
32.45137,319.02315
32.44642,319.02977
32.44002,319.0351
32.432,319.03875
32.4205,319.03975
32.4095,319.03928
32.39742,319.03485
32.3892,319.02727
32.38335,319.02097
32.37772,319.01767
32.3731,319.01422
32.36935,319.012
32.36083,319.01078
32.3511,319.00622
32.34068,319.00108
32.33025,318.99268
32.32048,318.98088
32.3147,318.96862
32.3115,318.9573
32.3107,318.94678
32.31213,318.93742
32.31453,318.93113
32.31688,318.92813
32.31675,318.92793
32.3148,318.92742
32.31253,318.92628
32.31015,318.92437
32.30665,318.92348
32.30327,318.92293
32.30185,318.92308
32.29885,318.92257
32.29527,318.91687
32.29165,318.90967
32.28732,318.90127
32.28402,318.89238
32.2798,318.88498
32.2749,318.87545
32.27008,318.86703
32.2663,318.86125
32.26212,318.85602
32.26048,318.85287
32.25893,318.85177
32.25747,318.84947
32.25723,318.84722
32.25903,318.8432
32.26037,318.84073
32.2595,318.83942
32.25763,318.83793
32.25542,318.83783
32.25372,318.8411
32.2503,318.8478
32.24225,318.85613
32.23168,318.86297
32.22208,318.86648
32.21437,318.86593
32.21012,318.8589
32.20735,318.85033
32.20388,318.83963
32.20063,318.82822
32.19845,318.81768
32.19513,318.81173
32.19025,318.80697
32.18262,318.80308
32.17303,318.7998
32.16288,318.79725
32.15402,318.79028
32.14857,318.78
32.14735,318.76743
32.1485,318.75638
32.15432,318.74817
32.16012,318.74382
32.16495,318.74138
32.16928,318.74172
32.1729,318.74095
32.17867,318.74102
32.18365,318.74433
32.18687,318.74708
32.1865,318.74828
32.18518,318.75245
32.18432,318.75648
32.18282,318.75932
32.18082,318.75978
32.17953,318.75752
32.1794,318.75255
32.17962,318.7516
32.17898,318.75168
32.17597,318.74915
32.17102,318.74398
32.16547,318.73745
