35.77113,293.77588
35.78407,293.78992
35.79778,293.79917
35.81368,293.80542
35.83253,293.80733
35.85412,293.80572
35.8755,293.79768
35.89735,293.78485
35.9215,293.7698
35.94592,293.75447
35.96863,293.74043
35.98703,293.72502
36.0039,293.70847
36.01808,293.6919
36.03113,293.6735
36.04092,293.6553
36.04865,293.63552
36.05595,293.61148
36.06377,293.58725
36.07323,293.56137
36.08457,293.53615
36.09675,293.51522
36.10628,293.50238
36.11685,293.48348
36.12805,293.4685
36.1384,293.4562
36.14677,293.44223
36.15378,293.42848
36.15873,293.41902
36.16178,293.40633
36.16558,293.39343
36.1692,293.3805
36.1742,293.36692
36.17935,293.35572
36.18473,293.34707
36.1892,293.34362
36.19365,293.3375
36.19672,293.33315
36.20178,293.32655
36.20822,293.3196
36.21777,293.3091
36.22733,293.30313
36.23815,293.29663
36.25163,293.28977
36.2639,293.28598
36.2753,293.28885
36.28523,293.29038
36.29417,293.29173
36.30223,293.29307
36.30922,293.29452
36.31447,293.29477
36.31897,293.29468
36.32197,293.29227
36.32563,293.28633
36.33057,293.27912
36.33468,293.2718
36.33808,293.26585
36.34323,293.25998
36.34787,293.25245
36.35295,293.24318
36.35533,293.23527
36.35628,293.22815
36.35775,293.21915
36.35933,293.20608
36.36013,293.1918
36.36087,293.1763
36.36307,293.1619
36.36418,293.1516
36.36517,293.14003
36.36473,293.1308
36.3624,293.12212
36.36097,293.11382
36.35855,293.1062
36.35433,293.10097
36.34957,293.0957
36.34227,293.09203
36.33492,293.08405
36.32778,293.07475
36.3205,293.0668
36.31127,293.06155
36.30032,293.05877
36.28685,293.05825
36.27255,293.05748
36.25755,293.05678
36.24162,293.05682
36.22628,293.0579
36.21153,293.05677
36.19718,293.0547
36.18298,293.04955
36.17107,293.04365
36.16298,293.03575
36.158,293.02458
36.15607,293.0108
36.15513,293.00147
36.1569,292.99225
36.16038,292.98553
36.16642,292.98127
36.17422,292.98035
36.18107,292.98458
36.18557,292.99387
36.18743,293.0059
36.18782,293.01897
36.18465,293.03208
36.17932,293.04347
36.17337,293.05172
36.1676,293.05762
36.16257,293.0616
36.15787,293.06437
36.15312,293.06598
36.14993,293.0656
36.14977,293.06655
36.15192,293.0679
36.155,293.07148
36.1568,293.0762
36.15918,293.08157
36.16142,293.08558
36.1645,293.08948
36.16882,293.0933
36.17347,293.09895
36.17962,293.10375
36.18648,293.10915
36.19235,293.11758
36.19778,293.12642
36.20392,293.13552
36.21003,293.14573
36.21575,293.15443
36.22087,293.16312
36.2255,293.17135
36.22907,293.17917
36.23473,293.18577
36.24162,293.19268
36.2497,293.19972
36.25912,293.20883
36.26952,293.21887
36.28077,293.23035
36.29202,293.24337
36.30457,293.25777
36.31727,293.27238
36.32868,293.28663
36.33922,293.30058
36.34998,293.31295
36.36175,293.32518
36.37363,293.33892
36.38653,293.35322
36.40157,293.36547
36.4181,293.37847
36.43647,293.39443
36.45495,293.41165
36.47377,293.43063
36.4921,293.45238
36.50872,293.47682
36.52563,293.50145
36.54342,293.52495
36.56268,293.54865
36.58303,293.5727
36.60445,293.59318
36.62768,293.61358
36.65075,293.63492
36.67378,293.65363
36.69807,293.67133
36.72257,293.68588
36.74483,293.70188
36.76722,293.71732
36.78993,293.73253
36.81152,293.74853
36.83115,293.76528
36.8525,293.7803
36.8748,293.79663
36.89283,293.81477
36.90993,293.83222
36.92747,293.85142
36.94397,293.87327
36.9606,293.89692
36.97508,293.92268
36.98843,293.94967
37.00007,293.97637
37.00892,294.00285
37.0183,294.02915
37.0271,294.05523
37.03598,294.08103
37.04693,294.10808
37.057,294.13707
37.06718,294.16983
37.07603,294.2025
37.08553,294.23643
37.09632,294.27122
37.10612,294.30798
37.11233,294.34772
37.11572,294.38708
37.12285,294.42585
37.13132,294.46557
37.1355,294.50772
37.13745,294.55222
37.14002,294.59613
37.14132,294.63943
37.14372,294.68275
37.14507,294.72608
37.14607,294.76898
37.1468,294.80957
37.14505,294.8522
37.14268,294.89398
37.1387,294.93473
37.13602,294.97288
37.1338,295.01045
37.13245,295.04755
37.12712,295.08477
37.12292,295.12015
37.12072,295.15507
37.11942,295.19242
37.1179,295.23122
37.11492,295.2689
37.11062,295.30583
37.10402,295.34388
37.0969,295.3804
37.08978,295.41205
37.08135,295.44082
37.073,295.46657
37.06487,295.49435
37.05515,295.52148
37.04682,295.54382
37.04078,295.56552
37.03523,295.58815
37.02982,295.61108
37.02505,295.63263
37.0208,295.65527
37.01602,295.6795
37.00918,295.69885
37.00205,295.71635
36.9965,295.73265
36.99073,295.75133
36.98573,295.77063
36.98048,295.78962
36.97568,295.80735
36.97183,295.82615
36.96763,295.84372
36.9652,295.86125
36.96537,295.87653
36.96592,295.89532
36.9654,295.91048
36.96455,295.92332
36.96417,295.93853
36.96457,295.95133
36.96468,295.9662
36.96183,295.98477
36.95947,296.00007
36.95625,296.01647
36.95205,296.03442
36.94678,296.0528
36.94248,296.06862
36.9356,296.08627
36.92712,296.10152
36.91552,296.1182
36.90207,296.13673
36.88662,296.15442
36.8685,296.1697
36.8492,296.18222
36.8311,296.19357
36.81268,296.20583
36.79322,296.21933
36.77335,296.23555
36.75173,296.25388
36.7275,296.27193
36.69918,296.29025
36.66725,296.30868
36.63342,296.3243
36.60078,296.33867
36.56882,296.35327
36.5381,296.36872
36.50742,296.3861
36.47783,296.40283
36.44847,296.4206
36.41855,296.43733
36.38857,296.4529
36.35917,296.46692
36.33167,296.48227
36.30565,296.49848
36.27967,296.5163
36.25043,296.53797
36.21995,296.55988
36.18998,296.58368
36.15885,296.61012
36.1244,296.6362
36.08733,296.66333
36.05163,296.68923
36.01713,296.7142
35.9858,296.73888
35.95588,296.764
35.92737,296.78963
35.8999,296.81587
35.87453,296.84303
35.851,296.87252
35.82682,296.90282
35.79975,296.93327
35.77272,296.9628
35.74737,296.9933
35.72188,297.02247
35.69638,297.05045
35.6735,297.08082
35.65475,297.11198
35.63977,297.14122
35.62645,297.17153
35.61368,297.20245
35.60592,297.2333
35.5999,297.26662
35.5934,297.30138
35.58808,297.3365
35.5831,297.37267
35.57675,297.40507
35.57163,297.43495
35.56858,297.46405
35.56767,297.49268
35.56995,297.51933
35.57608,297.54647
35.58265,297.575
35.59042,297.60685
35.59988,297.63803
35.6122,297.67038
35.62675,297.70618
35.64335,297.74435
35.66222,297.7856
35.68298,297.8289
35.70558,297.87653
35.72837,297.92785
35.75073,297.98357
35.77085,298.04067
35.78987,298.09857
35.80727,298.15738
35.82202,298.21512
35.83623,298.27273
35.84812,298.32928
35.85982,298.38833
35.8707,298.44548
35.88005,298.49927
35.8862,298.55092
35.88857,298.59817
35.88975,298.63993
35.88948,298.67988
35.88345,298.7108
35.88057,298.73542
35.87948,298.75773
35.8796,298.77308
35.87917,298.78213
35.88072,298.78698
35.8858,298.78767
35.89418,298.78853
35.90547,298.78308
35.92103,298.7762
35.94252,298.77053
35.9642,298.77453
35.98767,298.7798
36.01077,298.79313
36.03308,298.81265
36.05443,298.83378
36.0707,298.85702
36.08365,298.8808
36.09125,298.90517
36.09553,298.92655
36.09535,298.94453
36.0919,298.96003
36.08717,298.9708
36.08383,298.97913
36.0813,298.98143
36.08275,298.9821
36.08795,298.97698
36.09423,298.9712
36.10183,298.96457
36.11333,298.95938
36.1279,298.95558
36.14437,298.95717
36.16173,298.95768
36.18068,298.96257
36.19823,298.97097
36.21312,298.98235
36.22585,298.99443
36.23758,299.007
36.24965,299.02078
36.25997,299.03402
36.2686,299.04753
36.27467,299.06137
36.27923,299.07573
36.28178,299.0885
36.2841,299.1002
36.28535,299.11155
36.28528,299.1217
36.28602,299.13278
36.2864,299.1417
36.2895,299.14758
36.29518,299.15375
36.3048,299.15948
36.31642,299.16628
36.32975,299.17752
36.34425,299.192
36.35913,299.21113
36.37337,299.23205
36.38385,299.25457
36.39148,299.27742
36.39843,299.29883
36.40288,299.31937
36.4063,299.33902
36.40833,299.36003
36.40877,299.3811
36.40715,299.40085
36.40338,299.41903
36.39777,299.43348
36.39163,299.44393
36.38578,299.44932
36.38255,299.45297
36.3809,299.45317
36.38225,299.45283
36.38548,299.4524
36.39008,299.45217
36.39772,299.45247
36.40705,299.45617
36.41838,299.46648
36.42788,299.47843
36.43583,299.4952
36.44113,299.51457
36.44248,299.53653
36.4396,299.5565
36.43417,299.57217
36.42722,299.58472
36.41928,299.5949
36.41115,299.59982
36.40397,299.59972
36.39958,299.59727
36.39733,299.59355
36.39762,299.59178
36.39905,299.59277
36.40045,299.59717
36.40172,299.602
36.40357,299.60678
36.40492,299.61417
36.404,299.6243
36.40005,299.63323
36.39353,299.64162
36.38515,299.64822
36.3754,299.6509
36.36477,299.6511
36.35313,299.64767
36.34178,299.64297
36.33255,299.63578
36.32637,299.62828
36.32228,299.62127
36.31988,299.614
36.31995,299.61005
36.32082,299.60975
36.32267,299.61212
36.32395,299.61755
36.32552,299.6219
36.32722,299.62743
36.32785,299.63488
36.3261,299.6449
36.32197,299.65432
36.31788,299.65847
36.31352,299.66095
36.30877,299.66095
36.30487,299.65943
36.30328,299.65898
36.30292,299.65815
36.30343,299.66117
36.30508,299.66283
36.30893,299.66532
36.31208,299.6671
36.31567,299.6694
36.31508,299.67175
36.31592,299.67223
36.31587,299.67215
36.31268,299.66967
36.30567,299.66565
36.2968,299.65715
36.28887,299.64543
36.28082,299.62782
36.27557,299.60713
36.27145,299.58542
36.26927,299.56022
36.27223,299.54065
36.27812,299.52568
36.28342,299.51602
36.28958,299.50923
36.29463,299.50692
36.2964,299.50992
36.29262,299.51428
36.28685,299.51662
36.27752,299.51785
36.26762,299.51737
36.25897,299.51307
36.25038,299.5079
36.2414,299.5021
36.23213,299.49462
36.22393,299.4819
36.21957,299.46742
36.2164,299.45592
36.215,299.44423
36.21867,299.43282
36.22185,299.42265
36.22515,299.41665
36.22858,299.41587
36.23065,299.41687
36.23383,299.41888
36.2337,299.42415
36.23143,299.43087
36.22733,299.43537
36.22148,299.43955
36.21415,299.44033
36.20683,299.43775
36.20093,299.43208
36.1957,299.42472
36.19203,299.4193
36.18908,299.41117
36.18808,299.40093
36.18983,299.39387
36.19333,299.38993
36.19612,299.38788
36.20047,299.3841
36.20733,299.37902
36.21685,299.37652
36.22633,299.3786
36.23477,299.38317
36.2428,299.38757
36.25078,299.39313
36.25765,299.39903
36.26198,299.4048
36.26482,299.4125
36.265,299.4172
36.26563,299.42005
36.26602,299.42082
36.26767,299.41725
36.27085,299.41067
36.27655,299.40323
36.28395,299.39682
36.29227,299.39353
36.30073,299.38772
36.31112,299.38258
36.3212,299.37792
36.33215,299.37515
36.34395,299.37283
36.35645,299.37142
36.3677,299.37067
36.37815,299.3719
36.38633,299.37523
36.39165,299.37795
36.39545,299.38103
36.3985,299.38152
36.40017,299.38005
36.4028,299.3761
36.40775,299.36927
36.414,299.36042
36.42142,299.35128
36.42938,299.34177
36.43923,299.33438
36.44955,299.33017
36.45995,299.32732
