39.85897,325.82982
39.85253,325.84683
39.84612,325.86678
39.8386,325.88882
39.8305,325.9114
39.82037,325.92903
39.81025,325.94398
39.80012,325.95398
39.79285,325.9598
39.78683,325.96875
39.78188,325.97898
39.77683,325.99032
39.77437,326.00648
39.77268,326.02513
39.77263,326.04532
39.76955,326.06402
39.76522,326.08417
39.75865,326.10355
39.75032,326.12383
39.74013,326.1424
39.73005,326.15665
39.7196,326.17012
39.70928,326.18435
39.69763,326.1969
39.68567,326.20322
39.6737,326.20618
39.66198,326.20927
39.65023,326.21068
39.63875,326.21317
39.62928,326.21735
39.62333,326.22183
39.6165,326.2268
39.61062,326.23242
39.60367,326.23945
39.5935,326.2496
39.58543,326.25978
39.57475,326.27098
39.56085,326.27877
39.54467,326.28378
39.52913,326.28792
39.51255,326.29203
39.49738,326.29237
39.48372,326.29255
39.4715,326.29577
39.46262,326.30125
39.45265,326.30875
39.4416,326.31543
39.42992,326.32073
39.41865,326.32517
39.40745,326.32902
39.39585,326.3327
39.38587,326.33673
39.37713,326.34398
39.3675,326.3514
39.35933,326.36155
39.34962,326.3711
39.3405,326.37978
39.33273,326.38902
39.32532,326.39743
39.3196,326.4078
39.31383,326.42228
39.30517,326.43662
39.29718,326.44683
39.28987,326.45532
39.28483,326.46525
39.27932,326.47528
39.27407,326.48572
39.26928,326.4962
39.26623,326.50512
39.26322,326.51433
39.26035,326.52648
39.25695,326.53907
39.25128,326.5512
39.24735,326.55992
39.24382,326.56632
39.23997,326.57192
39.23492,326.57725
39.23312,326.58132
39.23202,326.58862
39.23122,326.5967
39.23075,326.6074
39.22923,326.62085
39.22523,326.6358
39.2224,326.64942
39.22015,326.66178
39.21702,326.67137
39.21352,326.67912
39.21095,326.68537
39.20907,326.69203
39.20903,326.69895
39.21058,326.70762
39.21247,326.71795
39.2145,326.72828
39.21647,326.74113
39.21868,326.75412
39.22172,326.76607
39.22645,326.77925
39.23027,326.79522
39.23578,326.81103
39.23952,326.83073
39.24267,326.84983
39.24655,326.8685
39.25278,326.88853
39.26025,326.90763
39.26862,326.9257
39.27415,326.94683
39.27775,326.96863
39.28208,326.98803
39.28733,327.00742
39.2932,327.02567
39.29767,327.04698
39.3017,327.06865
39.30812,327.08693
39.31463,327.10425
39.32142,327.12383
39.3277,327.14397
39.33567,327.1626
39.3434,327.18207
39.34967,327.20167
39.35572,327.22
39.36288,327.23562
39.37155,327.24967
39.38158,327.2628
39.39268,327.27863
39.40418,327.29733
39.41592,327.31692
39.42568,327.3382
39.43563,327.3562
39.44383,327.3762
39.45017,327.40008
39.45483,327.4221
39.45695,327.44155
39.45788,327.45742
39.4575,327.47043
39.45398,327.48142
39.44918,327.48972
39.44703,327.49358
39.44338,327.49252
39.44133,327.4879
39.44065,327.48663
39.44278,327.48593
39.44713,327.48735
39.45272,327.48805
39.46115,327.49075
39.47183,327.49413
39.4816,327.50057
39.4889,327.50902
39.49295,327.51808
39.49818,327.52745
39.50173,327.53713
39.5062,327.54808
39.51125,327.55942
39.51373,327.57132
39.51373,327.58247
39.51142,327.59167
39.5096,327.59638
39.51105,327.59473
39.51528,327.58985
39.5234,327.58312
39.53455,327.57818
39.54943,327.57522
39.56783,327.57728
39.5887,327.58703
39.60817,327.60058
39.62402,327.61687
39.63862,327.63553
39.65297,327.65503
39.66453,327.67683
39.67272,327.6994
39.67905,327.71867
39.68378,327.7374
39.68787,327.75125
39.6913,327.76223
39.69648,327.77295
39.70268,327.78408
39.70728,327.79487
39.71397,327.80692
39.72005,327.81925
39.72707,327.8315
39.73487,327.84328
39.74198,327.85563
39.74933,327.86803
39.75473,327.87543
39.7619,327.88493
39.76872,327.89663
39.7773,327.90913
39.78623,327.92093
39.79628,327.93667
39.80445,327.95497
39.81125,327.97398
39.81748,327.98992
39.82275,328.00693
39.82695,328.02178
39.82793,328.03217
39.8297,328.04293
39.83157,328.05122
39.83453,328.05942
39.83607,328.0666
39.83738,328.07255
39.83993,328.07857
39.84375,328.08535
39.84918,328.09415
39.85473,328.10453
39.86155,328.11797
39.86723,328.1298
39.87282,328.14272
39.87767,328.155
39.88303,328.16935
39.88633,328.1838
39.88902,328.19442
39.8915,328.20302
39.89203,328.21143
39.89325,328.22082
39.89422,328.22882
39.89587,328.23503
39.89973,328.23988
39.90672,328.24962
39.91418,328.25882
39.92122,328.27033
39.92508,328.28167
39.92988,328.2901
39.93595,328.29498
39.9415,328.30168
39.94652,328.30897
39.95303,328.31748
39.95962,328.32613
39.96683,328.33555
39.97543,328.34535
39.98208,328.35622
39.98733,328.3671
39.99185,328.37702
39.99513,328.3828
39.99902,328.38937
40.00297,328.39298
40.00565,328.39678
40.00853,328.39725
40.01152,328.39667
40.015,328.39815
40.01963,328.40048
40.02548,328.40318
40.03023,328.40532
40.03542,328.40687
40.04122,328.41072
40.04532,328.41373
40.05003,328.41512
40.05527,328.41648
40.05983,328.41522
40.06618,328.41548
40.07357,328.41933
40.0804,328.42573
40.08647,328.43288
40.09168,328.43973
40.09623,328.44755
40.09837,328.457
40.10117,328.46385
40.10277,328.4686
40.10498,328.4726
40.10788,328.47533
40.1117,328.47702
40.11658,328.48148
40.12152,328.48853
40.12768,328.4959
40.13295,328.50723
40.1355,328.51717
40.13805,328.52487
40.14212,328.53363
40.14457,328.54158
40.14692,328.54878
40.14897,328.55523
40.15147,328.5627
40.15553,328.56932
40.15855,328.57568
40.15985,328.57897
40.1617,328.58158
40.16408,328.58672
40.16662,328.59297
40.16885,328.59868
40.17058,328.60272
40.174,328.60772
40.17825,328.61628
40.18222,328.62597
40.18515,328.63312
40.1868,328.64118
40.18733,328.64913
40.1862,328.65777
40.1858,328.66818
40.18507,328.67812
40.18428,328.68788
40.18295,328.6969
40.18195,328.70378
40.18023,328.7115
40.17738,328.71562
40.1758,328.71845
40.17457,328.72027
40.17363,328.723
40.17333,328.7263
40.17195,328.72992
40.1705,328.73502
40.17073,328.73925
40.1757,328.74312
40.1806,328.75062
40.1852,328.75727
40.18827,328.76493
40.18947,328.77302
40.19012,328.78205
40.19215,328.78853
40.19473,328.79583
40.19648,328.80385
40.19957,328.81342
40.20093,328.82353
40.1999,328.83273
40.20027,328.839
40.19993,328.84637
40.20092,328.85538
40.20138,328.86627
40.20027,328.87753
40.1979,328.88755
40.19717,328.89767
40.19703,328.90793
40.19452,328.9167
40.19135,328.923
40.18718,328.93128
40.18435,328.93665
40.18373,328.9428
40.18578,328.94808
40.18722,328.95492
40.18823,328.96265
40.1881,328.96967
40.18952,328.97958
40.19255,328.9894
40.19462,329.00003
40.1946,329.01175
40.193,329.02158
40.1917,329.03078
40.19205,329.03903
40.19008,329.0479
40.18608,329.05608
40.18372,329.0627
40.18282,329.07153
40.18122,329.08153
40.17753,329.09075
40.17482,329.09702
40.17223,329.10293
40.17213,329.10753
40.17217,329.11482
40.17238,329.12445
40.17015,329.13462
40.16772,329.14153
40.1667,329.14858
40.16413,329.15367
40.16563,329.15937
40.16968,329.16997
40.172,329.18368
40.17408,329.19803
40.17515,329.21625
40.17205,329.23533
40.16645,329.25042
40.16137,329.25967
40.15752,329.26657
40.1546,329.27492
40.15207,329.28362
40.14632,329.29335
40.13933,329.3035
40.13242,329.3111
40.12838,329.31603
40.12658,329.32007
40.12693,329.32492
40.12975,329.3271
40.13502,329.32982
40.13935,329.33677
40.14253,329.34665
40.1447,329.36147
40.14628,329.37678
40.14383,329.39417
40.13903,329.41178
40.13475,329.4271
40.13137,329.43633
40.12717,329.44302
40.12568,329.44853
40.12497,329.45422
40.12308,329.45927
40.12078,329.46638
40.11697,329.474
40.11455,329.47797
40.11367,329.48277
40.11455,329.48733
40.11842,329.49097
40.1251,329.49552
40.13092,329.50433
40.1342,329.51632
40.13767,329.52943
40.13872,329.54557
40.13762,329.56172
40.13487,329.57555
40.13038,329.58825
40.12432,329.59745
40.11775,329.60315
40.1146,329.60832
40.1113,329.614
40.11032,329.6181
40.11155,329.6247
40.11258,329.63378
40.11308,329.64122
40.11312,329.64872
40.11227,329.65863
40.10918,329.66425
40.10702,329.66847
40.10318,329.66972
40.10057,329.66497
40.09852,329.65968
40.09773,329.6541
40.09737,329.64578
40.10182,329.6372
40.10933,329.6289
40.1182,329.62228
40.12782,329.61988
40.13807,329.62052
40.14833,329.62865
40.158,329.63818
40.16138,329.63892
40.15882,329.6337
40.1556,329.62128
40.15545,329.60307
40.15805,329.58415
40.1629,329.56638
40.1719,329.55125
40.18365,329.53962
40.19343,329.53333
40.20138,329.52905
40.20682,329.52608
40.20722,329.5227
40.20792,329.51443
40.20823,329.5017
40.20488,329.49047
40.20405,329.47843
40.2045,329.46583
40.20615,329.45125
40.21,329.43897
40.21635,329.42915
40.22003,329.42413
40.22092,329.41895
40.2208,329.41447
40.2198,329.4083
40.21713,329.40323
40.21368,329.39597
40.21085,329.38637
40.21128,329.376
40.21265,329.36887
40.21428,329.36543
40.2157,329.36332
40.21618,329.36035
40.21687,329.35778
40.2175,329.35487
40.21787,329.35207
40.21733,329.34877
40.21532,329.3467
40.21402,329.3454
40.21112,329.34702
40.20672,329.34785
40.20287,329.34898
40.19767,329.34903
40.19273,329.34763
40.18787,329.34638
40.18333,329.34522
40.1795,329.34387
40.17638,329.33907
40.1759,329.3351
40.17668,329.33215
40.18058,329.33652
40.1816,329.34373
40.18007,329.35528
40.17517,329.37098
40.16707,329.38653
40.15668,329.4002
40.14597,329.41072
40.13902,329.41722
40.13313,329.42465
40.12563,329.42975
40.11643,329.43358
40.10792,329.43413
40.09805,329.43367
40.08932,329.43085
40.08198,329.42625
40.07592,329.4231
40.07203,329.42222
40.07065,329.42057
40.06928,329.42387
40.06858,329.4307
40.0664,329.44077
40.06218,329.45197
40.05585,329.46493
40.04482,329.47653
40.03205,329.48413
40.0198,329.48657
40.01085,329.48592
40.00413,329.48382
39.99902,329.48063
39.99362,329.4785
39.98868,329.48102
39.9827,329.48767
39.9762,329.49388
39.96963,329.4969
39.96202,329.49837
39.95652,329.50092
39.95233,329.5025
39.94962,329.5017
39.94692,329.50133
39.94307,329.50247
39.9404,329.50312
39.93713,329.50455
39.93375,329.50592
39.92952,329.50838
39.9264,329.51232
39.92142,329.51645
39.9148,329.51775
39.90722,329.51862
39.89982,329.51342
39.89465,329.50477
39.89285,329.49922
39.89045,329.49545
39.88593,329.49122
39.88282,329.48375
39.88035,329.47642
39.88022,329.46793
39.8822,329.46543
39.88257,329.46745
39.88182,329.47195
39.87733,329.47518
39.87223,329.47802
39.8668,329.48003
39.86127,329.48012
39.85793,329.47897
39.85543,329.47622
39.85408,329.47207
39.85188,329.4696
39.85038,329.46818
39.85005,329.46538
39.84997,329.46367
39.84883,329.46353
39.84757,329.4635
39.84715,329.46173
39.8475,329.459
39.84965,329.4551
39.85238,329.4525
39.85637,329.4487
39.86368,329.4462
39.87088,329.44717
39.87935,329.44952
39.88473,329.45298
39.8859,329.46093
39.88497,329.4709
39.88273,329.47842
