33.93122,293.9958
33.9357,293.98342
33.94237,293.9728
33.94973,293.9613
33.95928,293.95108
33.96952,293.94033
33.98137,293.9302
33.9949,293.92158
34.0084,293.9142
34.02073,293.90862
34.03172,293.90442
34.04305,293.89932
34.05363,293.8939
34.06415,293.88813
34.07327,293.88453
34.08272,293.88168
34.09247,293.87712
34.10113,293.87158
34.10985,293.8625
34.11985,293.85277
34.12913,293.84397
34.13812,293.83313
34.14848,293.82252
34.15858,293.81132
34.16842,293.80018
34.17938,293.78678
34.19245,293.77158
34.20698,293.76085
34.22155,293.75127
34.23618,293.74423
34.24828,293.73842
34.2574,293.73273
34.2649,293.72772
34.27393,293.72355
34.2825,293.71853
34.2893,293.71195
34.29637,293.70548
34.30297,293.69795
34.31203,293.6896
34.32213,293.68057
34.33138,293.67117
34.34038,293.66057
34.34913,293.64635
34.357,293.63238
34.36375,293.61825
34.37232,293.60392
34.38093,293.58928
34.38832,293.5735
34.39605,293.55828
34.40312,293.54457
34.41027,293.53203
34.41718,293.51952
34.42417,293.50743
34.4309,293.49485
34.4394,293.482
34.44817,293.46845
34.45573,293.45747
34.46068,293.44652
34.46392,293.43573
34.46583,293.42327
34.46978,293.4126
34.47237,293.40333
34.47683,293.39362
34.47745,293.38005
34.47688,293.36025
34.47988,293.33782
34.4865,293.3163
34.49868,293.29762
34.51207,293.28208
34.52562,293.26943
34.53785,293.25873
34.54903,293.24917
34.54903,293.24917
34.55948,293.24133
34.56993,293.23298
34.58088,293.22575
34.59123,293.22207
34.59778,293.21692
34.60337,293.2121
34.60762,293.20578
34.60945,293.19838
34.6099,293.18937
34.61133,293.17783
34.61227,293.16687
34.61488,293.15137
34.61788,293.13412
34.62275,293.11842
34.62928,293.10313
34.63862,293.08833
34.65018,293.07495
34.6628,293.06473
34.67562,293.05652
34.68668,293.05017
34.69817,293.04623
34.7093,293.04482
34.71857,293.04518
34.7267,293.04443
34.73365,293.0439
34.74023,293.04108
34.74622,293.0388
34.7499,293.03543
34.75285,293.0292
34.75647,293.02252
34.76105,293.0128
34.76545,293.00388
34.77015,292.995
34.77528,292.98552
34.78183,292.97485
34.78982,292.96453
34.79843,292.95538
34.8077,292.94793
34.81982,292.94233
34.83217,292.94002
34.84298,292.93925
34.85258,292.94005
34.86025,292.94225
34.86327,292.94553
34.8653,292.94607
34.86825,292.94302
34.8732,292.93868
34.87967,292.93643
34.88625,292.93338
34.89447,292.92717
34.90568,292.92107
34.91792,292.91652
34.9298,292.9141
34.94083,292.9121
34.95155,292.91282
34.96425,292.91432
34.97902,292.91698
34.99425,292.9235
35.00972,292.93257
35.02328,292.94468
35.03683,292.95498
35.04858,292.96352
35.0602,292.97173
35.07143,292.97872
35.08257,292.98378
35.09463,292.98822
35.1063,292.9921
35.12017,292.99468
35.13545,292.9987
35.1511,293.0017
35.1671,293.00243
35.18447,293.00553
35.20155,293.00812
35.2195,293.01015
35.2381,293.01368
35.25832,293.01832
35.27773,293.02533
35.29548,293.03353
35.31242,293.04445
35.32843,293.05443
35.3427,293.0662
35.35652,293.08003
35.36877,293.09417
35.38038,293.10745
35.39008,293.11965
35.39928,293.13092
35.4076,293.14392
35.41348,293.15707
35.42107,293.16692
35.4282,293.17497
35.43632,293.18352
35.4467,293.1915
35.45765,293.19948
35.46698,293.20817
35.47597,293.21785
35.4866,293.22835
35.49385,293.23872
35.50032,293.2465
35.50643,293.25352
35.51397,293.25882
35.52398,293.26423
35.53332,293.26773
35.54305,293.27338
35.55365,293.27923
35.5636,293.2869
35.57383,293.2937
35.58577,293.3006
35.59758,293.30872
35.60935,293.31713
35.6197,293.32337
35.6307,293.3328
35.64082,293.34408
35.65018,293.35378
35.65802,293.36167
35.6662,293.36888
35.67595,293.3742
35.68667,293.38032
35.69655,293.3872
35.70688,293.39297
35.71633,293.3992
35.72412,293.40342
35.73455,293.40638
35.74535,293.41152
35.75492,293.41595
35.76518,293.42045
35.77587,293.42302
35.78695,293.4263
35.7983,293.42958
35.8086,293.43558
35.81707,293.4398
35.82502,293.44202
35.83567,293.44427
35.84787,293.44778
35.86055,293.45043
35.87083,293.45262
35.88428,293.45783
35.89882,293.46425
35.91307,293.47275
35.92572,293.4815
35.93522,293.49235
35.94175,293.50055
35.94842,293.5058
35.95538,293.50662
35.96408,293.50635
35.9761,293.5063
35.99088,293.50668
36.00633,293.50712
36.02013,293.5082
36.03283,293.50683
36.04758,293.50338
36.06267,293.50177
36.07755,293.50122
36.09055,293.50155
36.10335,293.50078
36.11742,293.50255
36.13103,293.50888
36.14462,293.51747
36.15733,293.53013
36.16857,293.54452
36.18,293.56033
36.18845,293.57493
36.19762,293.58863
36.20425,293.60358
36.20995,293.6194
36.21468,293.63308
36.2209,293.6448
36.22622,293.65538
36.23163,293.66537
36.23733,293.67412
36.24275,293.68368
36.2478,293.6961
36.25155,293.70632
36.2565,293.71517
36.26038,293.72365
36.26742,293.73293
36.27457,293.7413
36.28173,293.74838
36.29067,293.75567
36.29775,293.76513
36.30333,293.77273
36.31002,293.7818
36.3165,293.7921
36.3221,293.80437
36.32978,293.81598
36.3362,293.82862
36.3424,293.84062
36.34472,293.85278
36.34558,293.8639
36.34643,293.87485
36.34827,293.88338
36.34892,293.88902
36.35008,293.89
36.35565,293.89173
36.36192,293.89717
36.3681,293.90475
36.37405,293.9142
36.37942,293.92303
36.3843,293.93098
36.39005,293.94043
36.398,293.95062
36.40505,293.96275
36.41233,293.97275
36.42198,293.98312
36.43145,293.99407
36.4416,294.00867
36.4501,294.02675
36.45873,294.04752
36.46608,294.06928
36.47108,294.0913
36.47482,294.11238
36.47795,294.1316
36.4808,294.14918
36.48218,294.16293
36.48317,294.17393
36.4842,294.1833
36.48455,294.19163
36.48528,294.19862
36.48708,294.20335
36.49213,294.20562
36.5011,294.20748
36.5116,294.21237
36.52528,294.21847
36.55932,294.23542
36.57722,294.25027
36.58883,294.2675
36.60013,294.28567
36.6136,294.30842
36.62365,294.33163
36.6331,294.3537
36.64293,294.37628
36.65158,294.3975
36.65948,294.4168
36.6674,294.43545
36.67368,294.45038
36.68462,294.4673
36.69218,294.48235
36.69968,294.4959
36.70808,294.50835
36.71827,294.51828
36.73202,294.52888
36.74823,294.53928
36.76812,294.557
36.78795,294.5805
36.80855,294.60858
36.82622,294.64392
36.84022,294.68183
36.85135,294.72333
36.86188,294.76642
36.87097,294.81133
36.87735,294.85552
36.88163,294.90187
36.88235,294.94748
36.87992,294.98988
36.87597,295.0302
36.86855,295.06778
36.85897,295.10327
36.84867,295.13443
36.8384,295.16253
36.828,295.18697
36.81767,295.20875
36.80697,295.22432
36.79385,295.23133
36.78373,295.2343
36.776,295.23838
36.76987,295.24248
36.76452,295.24763
36.76128,295.25295
36.7584,295.26325
36.75422,295.27715
36.7473,295.29312
36.73812,295.3114
36.72598,295.32858
36.71332,295.34518
36.69775,295.36198
36.68028,295.3757
36.66215,295.38995
36.64267,295.40553
36.6217,295.4207
36.60138,295.43127
36.5808,295.43823
36.56108,295.44302
36.54472,295.4458
36.53072,295.44767
36.51658,295.44965
36.50208,295.45293
36.4865,295.455
36.47112,295.45982
36.45553,295.46337
36.43888,295.46693
36.42227,295.46825
36.40533,295.46882
36.38787,295.46815
36.37127,295.46748
36.35427,295.46755
36.33682,295.46745
36.31868,295.46733
36.2991,295.46697
36.27755,295.46698
36.25317,295.46602
36.22828,295.46225
36.20487,295.45418
36.18177,295.44365
36.15557,295.43332
36.1291,295.41873
36.10533,295.40193
36.08355,295.38237
36.06412,295.36023
36.04587,295.33607
36.0295,295.3114
36.0174,295.28898
36.00543,295.27022
35.99318,295.25062
35.98323,295.22985
35.97665,295.2102
35.9733,295.19167
35.97142,295.17505
35.97155,295.16272
35.97318,295.15488
35.97382,295.1491
35.9729,295.14373
35.97142,295.13753
35.96723,295.13165
35.9643,295.12425
35.96185,295.117
35.959,295.10725
35.95732,295.09632
35.95677,295.08668
35.95625,295.07843
35.9557,295.06998
35.95687,295.05997
35.95917,295.05153
35.96283,295.04263
35.96817,295.03408
35.97522,295.02785
35.98317,295.02312
35.99265,295.01983
36.00213,295.01633
36.01192,295.01348
36.02175,295.01272
36.03267,295.01352
36.04272,295.01972
36.05297,295.0244
36.06392,295.0309
36.0738,295.03747
36.085,295.04393
36.09445,295.05662
36.1016,295.07055
36.10485,295.08408
36.10453,295.09445
36.10335,295.1058
36.10065,295.12075
36.09703,295.13597
36.09248,295.15027
36.08365,295.16423
36.07257,295.17627
36.05928,295.18613
36.04473,295.19383
36.02928,295.19883
36.01367,295.19948
35.99793,295.19673
35.98373,295.19183
35.97208,295.1863
35.96172,295.18015
35.95208,295.1745
35.94308,295.16908
35.93448,295.16337
35.9241,295.15897
35.91148,295.1535
35.89863,295.14515
35.8869,295.13533
35.87968,295.12507
35.87388,295.11467
35.86967,295.1031
35.87007,295.09242
35.86842,295.08258
35.86112,295.06798
35.85655,295.05522
35.85397,295.04425
35.85045,295.037
35.8447,295.0328
35.83777,295.0336
35.82842,295.03178
35.8178,295.02778
35.8064,295.02315
35.79427,295.01278
35.7834,294.99877
35.7741,294.9802
35.769,294.96117
35.76688,294.94398
35.7655,294.92652
35.76622,294.90935
35.76875,294.89118
35.77405,294.87157
35.78133,294.85182
35.79105,294.83368
35.80313,294.81632
35.82128,294.80287
35.83287,294.79295
35.8421,294.77993
35.85522,294.76557
35.87132,294.75355
35.89068,294.74532
35.91188,294.742
35.93418,294.74373
35.95625,294.75228
35.97285,294.76487
35.98655,294.77743
35.99905,294.79028
36.00873,294.80437
36.01567,294.81993
36.01943,294.83538
36.02123,294.8505
36.02253,294.8646
36.02292,294.87638
36.02445,294.88893
36.0244,294.9013
36.0235,294.91288
36.02182,294.92405
36.02177,294.93505
36.02185,294.94627
36.02228,294.9564
36.02573,294.96838
36.02967,294.9831
36.0335,295.0012
36.03827,295.02098
36.0418,295.04487
36.0438,295.07082
36.04093,295.0997
36.03508,295.13053
36.0244,295.16353
36.01117,295.19232
35.99613,295.21853
35.97868,295.2406
35.9589,295.259
35.93852,295.27403
35.91837,295.28528
35.89883,295.29307
35.88122,295.29857
35.86327,295.30392
35.84513,295.30763
35.82807,295.31305
35.80933,295.31903
35.79217,295.32283
35.77557,295.32617
35.7596,295.32772
35.74295,295.33102
35.72947,295.3316
35.7158,295.3308
35.70278,295.32863
35.68833,295.32597
35.67278,295.32537
35.65755,295.32555
35.64067,295.32288
35.6248,295.32323
35.60965,295.32188
35.59497,295.32187
35.57995,295.32098
35.56468,295.31615
35.55107,295.31055
35.5387,295.30588
35.52805,295.30512
35.51367,295.306
35.49592,295.30245
35.48075,295.28755
35.46575,295.27318
35.45025,295.25795
35.43453,295.23877
35.42232,295.21785
35.41543,295.20068
35.40982,295.18293
35.40637,295.16788
35.40452,295.1569
35.40365,295.15235
35.40325,295.15272
35.39888,295.15223
35.39385,295.14607
35.38677,295.1377
35.37977,295.12883
35.37167,295.11862
