38.05873,298.87635
38.05315,298.89318
38.04495,298.91172
38.03505,298.93063
38.02332,298.94815
38.011,298.96373
37.99758,298.97617
37.98193,298.98372
37.96858,298.98568
37.95695,298.98632
37.94832,298.9838
37.94232,298.9814
37.93845,298.97948
37.93437,298.97925
37.92887,298.97997
37.92508,298.98055
37.92292,298.98285
37.9193,298.98682
37.91545,298.99083
37.91253,298.99505
37.9088,298.99988
37.9039,299.00502
37.89703,299.00975
37.89035,299.01198
37.88402,299.01332
37.8764,299.01322
37.86753,299.01202
37.85845,299.00812
37.84815,299.00088
37.83997,298.9898
37.83495,298.97633
37.83362,298.96198
37.83343,298.94747
37.8338,298.93415
37.83593,298.92312
37.83802,298.91492
37.83867,298.9081
37.83813,298.9011
37.83767,298.89302
37.83763,298.88742
37.83793,298.88353
37.84033,298.87938
37.83972,298.87532
37.83578,298.86935
37.83358,298.86252
37.83302,298.85512
37.83183,298.84828
37.83173,298.83963
37.83172,298.83058
37.83138,298.8221
37.82938,298.81537
37.82457,298.8086
37.81835,298.80053
37.8106,298.79002
37.80367,298.7764
37.79872,298.75962
37.79498,298.7405
37.79363,298.71982
37.79447,298.69798
37.79685,298.67502
37.79995,298.6514
37.80637,298.62855
37.81193,298.6078
37.82035,298.5881
37.8295,298.57108
37.83722,298.55662
37.84257,298.54537
37.84595,298.5357
37.84673,298.52608
37.84697,298.51558
37.84558,298.50528
37.84327,298.49468
37.83877,298.48112
37.83193,298.46402
37.82478,298.44217
37.81912,298.41673
37.81382,298.38843
37.80863,298.35565
37.80587,298.32023
37.80648,298.28322
37.81102,298.2461
37.8194,298.21065
37.83248,298.1796
37.84758,298.15225
37.86342,298.12838
37.87983,298.1057
37.8965,298.08533
37.91322,298.06647
37.9295,298.05082
37.94535,298.0385
37.96218,298.02955
37.97915,298.0282
37.99418,298.02987
38.00897,298.03262
38.02238,298.03562
38.0332,298.03717
38.04242,298.03762
38.04977,298.03835
38.05715,298.03665
38.06612,298.03387
38.0756,298.0287
38.0862,298.02178
38.09955,298.0151
38.1143,298.00858
38.13092,298.00288
38.14848,297.99805
38.16752,297.99327
38.18763,297.99162
38.20937,297.99383
38.2328,297.99793
38.2567,298.00482
38.28238,298.0166
38.3097,298.03172
38.33695,298.0531
38.3631,298.08173
38.38467,298.11638
38.40227,298.153
38.41668,298.18907
38.4267,298.22587
38.4324,298.26023
38.43665,298.29302
38.44178,298.32537
38.44533,298.35548
38.44932,298.3835
38.45533,298.41222
38.4599,298.44043
38.46432,298.46572
38.47217,298.4922
38.47977,298.52068
38.48583,298.55172
38.48935,298.58173
38.49215,298.59732
38.49803,298.61493
38.5062,298.63508
38.51523,298.6591
38.52178,298.68525
38.52588,298.71072
38.53243,298.73692
38.53678,298.75623
38.54268,298.77042
38.54663,298.7845
38.54897,298.79878
38.55217,298.81555
38.55837,298.8339
38.56142,298.85493
38.56278,298.87545
38.56218,298.89333
38.56272,298.90598
38.56742,298.92132
38.57233,298.93623
38.57822,298.95053
38.58582,298.96972
38.59158,298.99297
38.59772,299.01857
38.60373,299.04585
38.61028,299.07433
38.61955,299.10635
38.6278,299.14118
38.63333,299.17473
38.63672,299.20732
38.64185,299.2425
38.64392,299.27973
38.64563,299.3202
38.64437,299.36565
38.64095,299.40435
38.63803,299.44182
38.63648,299.47788
38.63758,299.51442
38.64003,299.55045
38.64255,299.58892
38.64553,299.63165
38.64962,299.68078
38.65542,299.73437
38.66167,299.79255
38.6655,299.85362
38.66972,299.92145
38.67278,299.99245
38.67692,300.06837
38.68267,300.14948
38.68915,300.23382
38.69347,300.31185
38.69587,300.38807
38.69945,300.46145
38.70418,300.52968
38.70912,300.59123
38.71757,300.65125
38.72928,300.71173
38.74118,300.77052
38.75348,300.82122
38.76835,300.86537
38.78505,300.9076
38.80167,300.94992
38.82038,300.98558
38.84112,301.0187
38.86267,301.05365
38.88508,301.09005
38.90723,301.12917
38.92743,301.16895
38.94298,301.20697
38.95692,301.24228
38.96673,301.2766
38.97422,301.30695
38.98077,301.33395
38.98547,301.35987
38.98997,301.38387
38.99287,301.40352
38.99597,301.4218
38.99952,301.439
39.00292,301.45378
39.0072,301.46602
39.01165,301.4784
39.01592,301.49062
39.01893,301.50315
39.01923,301.5157
39.01818,301.52552
39.01748,301.53363
39.01763,301.54265
39.0164,301.55167
39.01552,301.55885
39.01537,301.56605
39.01513,301.57135
39.01545,301.57478
39.01653,301.57785
39.01682,301.58258
39.01548,301.58792
39.01328,301.59402
39.00985,301.60112
39.00627,301.60925
39.00195,301.6184
38.9971,301.62803
38.99237,301.63903
38.9894,301.65005
38.98938,301.66072
38.9911,301.67163
38.99582,301.68225
39.00345,301.6946
39.01117,301.71187
39.01847,301.73118
39.02677,301.75237
39.03353,301.77682
39.04048,301.80192
39.04608,301.82677
39.05125,301.8522
39.05638,301.878
39.06163,301.90223
39.06513,301.92623
39.06893,301.94777
39.07262,301.96488
39.07723,301.97712
39.0835,301.9878
39.08968,301.99847
39.09762,302.00765
39.10743,302.01877
39.11792,302.02952
39.13258,302.04533
39.14678,302.06625
39.16,302.0899
39.17095,302.11808
39.17658,302.14985
39.17842,302.17622
39.17913,302.19888
39.17927,302.21823
39.18107,302.2347
39.18253,302.25075
39.18483,302.2686
39.18925,302.28672
39.19662,302.30495
39.20695,302.32427
39.21812,302.34337
39.22793,302.36408
39.23828,302.3821
39.24838,302.40075
39.25758,302.42085
39.26465,302.44458
39.26822,302.47162
39.26845,302.49888
39.26423,302.52482
39.2582,302.5495
39.24882,302.57068
39.23652,302.59112
39.22215,302.60778
39.20442,302.6208
39.18705,302.62963
39.17052,302.63523
39.15532,302.64048
39.13768,302.64165
39.12085,302.63953
39.10468,302.63388
39.0899,302.62837
39.07348,302.62195
39.05537,302.61308
39.03702,302.60182
39.019,302.58877
39.00093,302.57197
38.982,302.55327
38.96465,302.53488
38.94833,302.51502
38.93207,302.49398
38.91697,302.47095
38.90338,302.44752
38.89075,302.42427
38.87847,302.39947
38.86533,302.3752
38.85092,302.35087
38.8366,302.32582
38.8232,302.29762
38.81157,302.26723
38.80257,302.23562
38.79637,302.20527
38.79265,302.17582
38.79325,302.14587
38.79635,302.1199
38.80103,302.09547
38.80672,302.07297
38.81328,302.05457
38.82078,302.03705
38.82987,302.01877
38.84108,302.0014
38.85497,301.9821
38.87207,301.96208
38.89495,301.94323
38.9208,301.9299
38.9497,301.916
38.98112,301.90148
39.0162,301.89037
39.05517,301.88638
39.09685,301.89123
39.13788,301.89678
39.1808,301.90778
39.22913,301.94188
39.26833,301.97992
39.30293,302.02108
39.32905,302.06755
39.34628,302.11055
39.35423,302.15025
39.35613,302.18282
39.35408,302.2098
39.34228,302.2338
39.31855,302.247
39.29407,302.24598
39.27312,302.23543
39.25718,302.21723
39.24775,302.19767
39.24467,302.17497
39.2476,302.14825
39.25788,302.1199
39.27405,302.09497
39.29523,302.07333
39.32128,302.05493
39.3518,302.04232
39.38543,302.03705
39.41997,302.0376
39.45217,302.0437
39.48138,302.056
39.50713,302.06972
39.53035,302.0824
39.55028,302.09437
39.56743,302.10532
39.5816,302.11335
39.59575,302.11598
39.60965,302.11537
39.62252,302.11082
39.63803,302.10162
39.65512,302.09288
39.67468,302.08227
39.69728,302.06843
39.72517,302.05465
39.75785,302.03998
39.79643,302.02652
39.8392,302.01802
39.88475,302.0141
39.9328,302.01578
39.9832,302.02063
40.03528,302.03008
40.08882,302.04113
40.14532,302.05488
40.2016,302.07487
40.25588,302.1029
40.30445,302.1353
40.34153,302.16417
40.3784,302.1943
40.41553,302.22527
40.45093,302.2577
40.48633,302.29118
40.52105,302.32333
40.55517,302.35618
40.5871,302.3904
40.62,302.4258
40.65442,302.46058
40.68977,302.49637
40.72547,302.53417
40.7606,302.57532
40.79575,302.61803
40.83112,302.66223
40.86832,302.7063
40.90427,302.75415
40.93892,302.80517
40.96983,302.85703
40.99867,302.90877
41.02397,302.9607
41.04615,303.01235
41.06525,303.06332
41.0818,303.11132
41.098,303.1566
41.11507,303.19538
41.13553,303.23185
41.1555,303.2719
41.17372,303.32013
41.18722,303.37038
41.19723,303.42253
41.20317,303.4746
41.20427,303.52567
41.20047,303.57363
41.19327,303.61913
41.18402,303.663
41.17202,303.70582
41.15555,303.74212
41.13712,303.76845
41.12,303.79002
41.1071,303.80855
41.099,303.8258
41.09438,303.84308
41.09335,303.86363
41.0945,303.88603
41.09837,303.91542
41.10093,303.94813
41.10162,303.98732
41.09737,304.02713
41.08887,304.06342
41.07922,304.09333
41.0697,304.11665
41.06265,304.13142
41.05915,304.14198
41.06022,304.15025
41.06182,304.1615
41.06205,304.1728
41.06047,304.18233
41.06043,304.19073
41.06128,304.20075
41.0629,304.20598
41.0661,304.21555
41.06868,304.22785
41.06982,304.23462
41.07097,304.2357
41.07237,304.2382
41.07337,304.24052
41.07492,304.24137
41.07388,304.24175
41.07025,304.24303
41.06523,304.24432
41.06215,304.2468
41.062,304.2492
41.06245,304.25265
41.06292,304.25553
41.06323,304.2514
41.06165,304.2473
41.05872,304.24415
41.05413,304.2372
41.0496,304.2265
41.04662,304.21357
41.04298,304.20063
41.04255,304.19207
41.04728,304.18908
41.05235,304.19217
41.05237,304.19612
41.05107,304.1994
41.0507,304.20385
41.04977,304.20968
41.04873,304.21388
41.04792,304.2173
41.04613,304.21965
41.04442,304.22312
41.04072,304.22537
41.03825,304.23017
41.037,304.2354
41.03393,304.2409
41.03067,304.24835
41.02702,304.25607
41.02312,304.26365
41.0196,304.27437
41.01387,304.28608
41.00708,304.29833
40.99813,304.31132
40.9861,304.32318
40.97227,304.33085
40.95703,304.33635
40.94207,304.33818
40.92858,304.34105
40.91437,304.34233
40.90033,304.34682
40.8856,304.34768
40.87023,304.3468
40.85453,304.34812
40.83678,304.35155
40.81848,304.35528
40.79973,304.36068
40.7787,304.365
40.75562,304.36745
40.7328,304.37022
40.71048,304.37345
40.68698,304.37912
40.66373,304.384
40.64202,304.38937
40.62057,304.39848
40.5985,304.40872
40.57613,304.41912
40.5538,304.43303
40.53137,304.44738
40.5082,304.46133
40.4835,304.47308
40.45872,304.48567
40.43258,304.49698
40.40868,304.50933
40.38628,304.52377
40.36383,304.53802
40.34447,304.55197
40.3255,304.56777
40.30687,304.58162
40.29062,304.59977
40.27555,304.62222
40.25895,304.64852
40.24183,304.67773
40.22292,304.70365
40.20338,304.72443
40.18478,304.74662
40.167,304.76597
40.15217,304.78338
40.13985,304.79497
40.12907,304.8057
40.12217,304.81802
40.11978,304.83288
40.11912,304.84698
40.12005,304.86127
40.12062,304.87455
40.12107,304.88817
40.11957,304.89985
40.1164,304.90862
40.1129,304.91908
40.1075,304.92738
40.09982,304.93177
40.09155,304.93083
40.0836,304.92937
40.07433,304.92588
40.06497,304.92115
40.0557,304.9158
40.04563,304.91193
40.03697,304.90665
40.02875,304.90123
40.02227,304.89785
40.01245,304.89822
39.99998,304.8999
39.98415,304.90265
