34.52145,294.79192
34.53513,294.77633
34.54953,294.76063
34.56492,294.74652
34.58123,294.73352
34.59887,294.72135
34.61727,294.71077
34.63638,294.70142
34.65487,294.6917
34.67383,294.6841
34.69312,294.67778
34.71242,294.67387
34.73212,294.66987
34.75182,294.66712
34.77177,294.66562
34.79295,294.6661
34.81425,294.66713
34.83543,294.67038
34.85515,294.67525
34.87315,294.67865
34.89005,294.68208
34.90653,294.68562
34.92237,294.68882
34.93693,294.69127
34.95077,294.69415
34.96422,294.69775
34.9763,294.70228
34.98777,294.70648
34.99797,294.71068
35.00728,294.71525
35.01695,294.72073
35.02638,294.72737
35.03552,294.73642
35.04463,294.7469
35.0519,294.75852
35.05827,294.77042
35.06358,294.78288
35.06908,294.79692
35.0747,294.81105
35.08015,294.82437
35.08553,294.83782
35.09047,294.85298
35.0952,294.86768
35.09902,294.88177
35.10262,294.89522
35.10712,294.90933
35.11057,294.92447
35.11322,294.93997
35.11515,294.95565
35.11675,294.97058
35.11762,294.98427
35.11732,294.99588
35.11468,295.00707
35.111,295.01657
35.10667,295.02503
35.10172,295.03383
35.09593,295.04178
35.09045,295.05008
35.08632,295.05917
35.08135,295.06737
35.07813,295.07615
35.07445,295.087
35.06835,295.09678
35.05967,295.10557
35.05185,295.11472
35.04293,295.1269
35.03343,295.14058
35.02302,295.15305
35.01153,295.1655
34.99907,295.17915
34.98473,295.19177
34.96963,295.20368
34.95473,295.21365
34.93965,295.22235
34.9255,295.22868
34.91373,295.23388
34.90317,295.23963
34.89387,295.24455
34.8875,295.2495
34.88242,295.25077
34.87975,295.24762
34.87832,295.24535
34.87873,295.24482
34.8806,295.24457
34.88278,295.24348
34.88555,295.2418
34.88973,295.24257
34.8931,295.24577
34.89408,295.25013
34.89377,295.25498
34.89203,295.26053
34.88942,295.2641
34.88445,295.26338
34.87902,295.2603
34.87562,295.25658
34.87242,295.25095
34.87182,295.24588
34.87337,295.2407
34.87658,295.23645
34.87992,295.23172
34.88312,295.2287
34.88648,295.22843
34.88975,295.22908
34.89083,295.2309
34.89022,295.23178
34.889,295.23247
34.88852,295.23217
34.8875,295.23278
34.88668,295.2327
34.88552,295.23395
34.88527,295.23493
34.88503,295.23595
34.88555,295.23642
34.88667,295.23698
34.88587,295.23327
34.88525,295.22765
34.88415,295.21918
34.88215,295.20982
34.8806,295.2006
34.88032,295.19055
34.882,295.1823
34.88403,295.17632
34.8862,295.17275
34.88652,295.17018
34.88592,295.16737
34.88625,295.16488
34.8872,295.16203
34.89012,295.15972
34.89378,295.15415
34.89638,295.14665
34.90058,295.13732
34.90422,295.1287
34.90802,295.12193
34.9125,295.1127
34.9153,295.10265
34.91798,295.09258
34.92127,295.081
34.92795,295.06588
34.93782,295.04917
34.9477,295.03307
34.96012,295.01737
34.97453,295.0062
34.98868,294.99655
35.00138,294.98602
35.01432,294.9742
35.02745,294.96093
35.0427,294.95047
35.05737,294.94238
35.0722,294.9362
35.08742,294.92907
35.10243,294.92502
35.11523,294.9241
35.12707,294.92587
35.13783,294.92835
35.1481,294.93335
35.15693,294.94045
35.16347,294.94943
35.1681,294.95525
35.17255,294.9603
35.17747,294.96578
35.18073,294.97232
35.18498,294.97658
35.18885,294.98153
35.1928,294.98757
35.19608,294.99207
35.19875,294.99523
35.20102,294.99765
35.20465,295.0001
35.20815,295.0026
35.21117,295.0053
35.2139,295.00695
35.21973,295.00713
35.2236,295.00922
35.22607,295.01308
35.22782,295.01883
35.22945,295.02352
35.2295,295.02945
35.22748,295.03337
35.22658,295.03708
35.22645,295.04397
35.22532,295.05037
35.22117,295.05492
35.2178,295.05662
35.21553,295.05763
35.2161,295.05458
35.21918,295.05223
35.22422,295.0527
35.23125,295.05468
35.23928,295.05723
35.24858,295.06215
35.25603,295.0707
35.26148,295.08188
35.26667,295.0918
35.27255,295.10037
35.2778,295.10903
35.2828,295.11742
35.28685,295.1255
35.29158,295.13223
35.29835,295.13842
35.30825,295.14525
35.31737,295.15523
35.32513,295.1664
35.32992,295.17852
35.33052,295.19052
35.33132,295.20118
35.3325,295.21288
35.3312,295.22282
35.33212,295.2322
35.33347,295.2424
35.33842,295.25323
35.34495,295.2667
35.35095,295.28448
35.3553,295.30318
35.35743,295.32272
35.35932,295.34247
35.3614,295.36385
35.36097,295.38508
35.35872,295.406
35.35533,295.42648
35.34947,295.44755
35.34458,295.46838
35.34307,295.48853
35.34265,295.51035
35.34225,295.5327
35.34272,295.55563
35.34242,295.58045
35.34027,295.6069
35.33595,295.6339
35.3314,295.66098
35.325,295.6882
35.31797,295.71435
35.31422,295.74117
35.30807,295.76875
35.30085,295.79642
35.29223,295.82382
35.28183,295.8488
35.2709,295.87298
35.25872,295.89673
35.24735,295.92112
35.23795,295.94325
35.22772,295.96512
35.21688,295.9862
35.20563,296.00927
35.19285,296.03102
35.18017,296.05137
35.1671,296.0689
35.15468,296.0855
35.14228,296.10048
35.13133,296.11413
35.12035,296.12822
35.109,296.14172
35.0981,296.1557
35.08947,296.16967
35.08177,296.1831
35.07017,296.19748
35.05913,296.2092
35.0483,296.2216
35.03828,296.23173
35.02745,296.24093
35.01718,296.24973
35.00767,296.25488
34.99787,296.26147
34.98892,296.2691
34.9807,296.27627
34.97272,296.28337
34.96545,296.28903
34.95868,296.29632
34.95045,296.30492
34.9416,296.31365
34.93395,296.3228
34.92342,296.33428
34.9116,296.34407
34.90303,296.3502
34.89448,296.35518
34.88447,296.36067
34.87475,296.36667
34.86638,296.3712
34.85963,296.3754
34.85232,296.3798
34.84457,296.38533
34.83617,296.391
34.8264,296.39723
34.81483,296.4034
34.80315,296.40862
34.79217,296.41163
34.782,296.41133
34.77447,296.41015
34.76808,296.40853
34.76258,296.40662
34.75675,296.40465
34.7517,296.40267
34.74547,296.40073
34.73867,296.40057
34.7293,296.40173
34.71795,296.40213
34.7088,296.3998
34.70148,296.39572
34.69663,296.39075
34.69202,296.38668
34.68798,296.38373
34.68243,296.38427
34.67343,296.3881
34.66385,296.39
34.65218,296.39305
34.64035,296.39537
34.62932,296.39822
34.61768,296.39932
34.60637,296.39977
34.59887,296.40003
34.59382,296.40237
34.59067,296.40847
34.58863,296.417
34.58673,296.42892
34.58405,296.44288
34.58198,296.45827
34.58188,296.46843
34.58633,296.47638
34.59282,296.48463
34.60048,296.49383
34.60998,296.50512
34.62165,296.51802
34.63383,296.53013
34.64748,296.54585
34.65805,296.56437
34.66652,296.58287
34.67375,296.60002
34.68018,296.61647
34.68682,296.63627
34.69283,296.66022
34.69577,296.68853
34.69752,296.71628
34.69762,296.74313
34.69918,296.76708
34.69892,296.79262
34.69567,296.81457
34.69197,296.8331
34.68847,296.84942
34.6855,296.86283
34.6855,296.87423
34.68713,296.88422
34.69103,296.89278
34.69697,296.90197
34.70327,296.91307
34.71117,296.92458
34.71963,296.93825
34.72902,296.95483
34.74025,296.97323
34.74863,296.99392
34.75573,297.01593
34.76142,297.03912
34.76623,297.06275
34.7674,297.0872
34.76683,297.11282
34.76327,297.13938
34.75523,297.16482
34.74157,297.18447
34.7282,297.19578
34.71543,297.20142
34.70755,297.20418
34.70322,297.20213
34.703,297.19937
34.70827,297.19795
34.71507,297.19795
34.72545,297.20147
34.7362,297.20865
34.7493,297.21933
34.76188,297.23292
34.77292,297.25133
34.78228,297.27207
34.79048,297.29402
34.7963,297.31913
34.79958,297.3457
34.80115,297.36998
34.80175,297.39262
34.80125,297.41202
34.80003,297.43093
34.79665,297.45122
34.79085,297.46862
34.78293,297.48283
34.77572,297.49087
34.7696,297.4922
34.76745,297.4899
34.77065,297.48487
34.77822,297.47945
34.78797,297.47617
34.80082,297.47442
34.81745,297.4747
34.83617,297.47882
34.85638,297.48773
34.8771,297.50303
34.89512,297.52472
34.91032,297.55022
34.92303,297.57623
34.93368,297.60428
34.94033,297.6338
34.94148,297.66433
34.9384,297.69297
34.9334,297.71598
34.92717,297.73238
34.92167,297.74265
34.91858,297.7484
34.91795,297.7513
34.92165,297.75278
34.92807,297.7556
34.9351,297.75928
34.94465,297.76153
34.95672,297.76513
34.97243,297.77113
34.98962,297.77803
35.00973,297.78637
35.03175,297.79932
35.05443,297.81843
35.07598,297.8417
35.0958,297.86938
35.11315,297.90055
35.12615,297.93515
35.13403,297.97062
35.1377,298.00233
35.13853,298.02908
35.13985,298.04965
35.14132,298.06302
35.14567,298.07255
35.15228,298.07733
35.16165,298.0834
35.17447,298.08988
35.1911,298.0961
35.20958,298.1063
35.22907,298.11763
35.25108,298.13067
35.27257,298.15068
35.29038,298.1756
35.30498,298.19807
35.3185,298.22017
35.32933,298.24442
35.33715,298.26932
35.3423,298.29123
35.34505,298.3117
35.34672,298.32857
35.3484,298.34232
35.34967,298.35297
35.35157,298.35975
35.35665,298.36402
35.36447,298.36587
35.37442,298.36708
35.38927,298.3727
35.40588,298.37755
35.4245,298.38308
35.44303,298.3923
35.46238,298.404
35.48108,298.42132
35.49988,298.44272
35.51695,298.4644
35.53305,298.48345
35.54797,298.5033
35.5601,298.5244
35.57088,298.54653
35.58185,298.56528
35.59158,298.58437
35.59852,298.60587
35.60483,298.62457
35.61062,298.64033
35.6129,298.65295
35.61107,298.66165
35.60928,298.66677
35.60895,298.66997
35.61032,298.67182
35.61263,298.67158
35.6165,298.67125
35.62043,298.67027
35.62497,298.6688
35.62942,298.66997
35.63458,298.6721
35.64022,298.67182
35.64688,298.67015
35.65528,298.66848
35.66392,298.66762
35.67353,298.66697
35.68598,298.67025
35.69845,298.67585
35.70853,298.68863
35.71715,298.70173
35.72262,298.7157
35.72302,298.72728
35.7222,298.73797
35.71972,298.7471
35.71685,298.75145
35.71468,298.75265
35.71342,298.7521
35.71455,298.74955
35.7168,298.74907
35.71932,298.74778
35.72372,298.74755
35.72975,298.74697
35.73645,298.74748
35.7449,298.74855
35.75415,298.75258
35.76372,298.75772
35.77423,298.76508
35.78522,298.77617
35.79425,298.78743
35.7996,298.80002
35.80263,298.81458
35.80297,298.82527
35.802,298.83632
35.80077,298.84565
35.79965,298.8536
35.7986,298.85875
35.79857,298.86428
35.79803,298.86855
35.79668,298.87167
35.7962,298.87108
35.79792,298.86825
35.80283,298.86668
35.80872,298.86497
35.81727,298.86753
35.82598,298.87212
35.83413,298.87612
35.84305,298.87897
35.85387,298.88312
35.8655,298.89087
35.87717,298.90278
35.88872,298.91652
35.89685,298.9317
35.90223,298.94842
35.90492,298.9682
35.90238,298.98692
35.8965,299.00257
35.8896,299.01645
35.88293,299.02987
35.8749,299.04325
35.86445,299.05062
35.85467,299.05373
35.84637,299.05747
35.83887,299.05795
35.83447,299.0574
35.83233,299.05845
35.83148,299.06075
35.83093,299.06395
35.83072,299.0716
35.82953,299.08148
35.82695,299.09407
35.82328,299.10758
35.81938,299.12472
35.81498,299.14303
35.80955,299.16048
35.80395,299.17918
35.79597,299.1977
35.78568,299.21398
35.77395,299.2297
35.76218,299.24342
35.74897,299.25673
35.73622,299.26985
35.72548,299.28248
