36.20378,306.18385
36.1874,306.17858
36.1711,306.16958
36.15677,306.15902
36.14273,306.14678
36.12817,306.13313
36.11447,306.11725
36.1034,306.10033
36.09267,306.08423
36.0805,306.07073
36.06922,306.05628
36.0588,306.04193
36.04942,306.02865
36.04133,306.01717
36.03475,306.00623
36.02863,305.99502
36.02062,305.98595
36.013,305.9766
36.00648,305.9667
35.99803,305.95633
35.9887,305.94505
35.97753,305.9341
35.96483,305.92235
35.95095,305.91183
35.93557,305.90082
35.91822,305.88895
35.90053,305.87387
35.88307,305.85585
35.86797,305.8366
35.85377,305.8165
35.84058,305.79497
35.83062,305.77165
35.82202,305.74978
35.81217,305.7292
35.80532,305.71022
35.79837,305.69443
35.79032,305.67988
35.78013,305.66693
35.76843,305.65345
35.75888,305.6403
35.74883,305.62552
35.73803,305.61107
35.72758,305.59955
35.71597,305.58637
35.70257,305.57395
35.68807,305.55885
35.67148,305.54302
35.6526,305.52517
35.63517,305.50303
35.61997,305.47948
35.60648,305.45492
35.59402,305.4284
35.58552,305.40233
35.58047,305.37835
35.57713,305.35597
35.5726,305.33898
35.56567,305.32735
35.55825,305.31425
35.54977,305.30332
35.53818,305.29458
35.52492,305.286
35.51137,305.2754
35.4988,305.26627
35.48477,305.25582
35.47145,305.24248
35.46003,305.22785
35.44728,305.21455
35.43397,305.19668
35.42175,305.17572
35.41055,305.15448
35.39983,305.13205
35.39073,305.10793
35.38528,305.08305
35.38397,305.05922
35.38555,305.03848
35.38998,305.02275
35.39468,305.01295
35.39858,305.00718
35.40083,305.00338
35.39777,305.00495
35.39182,305.00587
35.38275,305.00657
35.3705,305.00398
35.35343,305.00112
35.33515,304.99487
35.31505,304.98448
35.29405,304.975
35.27522,304.95852
35.25838,304.9405
35.2438,304.9177
35.23195,304.89353
35.22445,304.87508
35.21988,304.8617
35.215,304.84725
35.21047,304.833
35.20665,304.8192
35.20335,304.80977
35.19852,304.79782
35.19528,304.7861
35.1918,304.77445
35.18935,304.7651
35.18562,304.75722
35.17953,304.74832
35.1735,304.73978
35.1676,304.73012
35.16028,304.72148
35.15268,304.71248
35.14288,304.70292
35.13335,304.69003
35.12703,304.68038
35.12042,304.672
35.11413,304.6626
35.10603,304.64833
35.10008,304.63397
35.0983,304.62008
35.09947,304.60887
35.1031,304.60072
35.10565,304.59152
35.10833,304.58222
35.10977,304.57438
35.10957,304.56953
35.10862,304.5659
35.108,304.56083
35.10707,304.55543
35.10512,304.55107
35.10157,304.5494
35.09727,304.54342
35.09248,304.53798
35.08775,304.53225
35.08353,304.52502
35.07967,304.5178
35.07542,304.50922
35.07188,304.49568
35.07105,304.4824
35.07298,304.47023
35.07795,304.461
35.08452,304.45323
35.09243,304.44618
35.1016,304.43993
35.11168,304.43433
35.12075,304.43327
35.12813,304.4356
35.13343,304.43867
35.13638,304.43882
35.1377,304.4375
35.13855,304.43783
35.13823,304.43432
35.13673,304.42602
35.13732,304.41677
35.14053,304.40785
35.1457,304.39827
35.1544,304.38905
35.16405,304.38248
35.17453,304.37982
35.18477,304.37908
35.19288,304.37783
35.2012,304.3769
35.20878,304.37748
35.21558,304.37917
35.2242,304.38045
35.23318,304.38553
35.24225,304.3886
35.25073,304.39185
35.25877,304.3978
35.2656,304.4029
35.27195,304.4083
35.2761,304.41505
35.27943,304.41903
35.28137,304.424
35.28272,304.42957
35.2839,304.43435
35.28407,304.43692
35.28362,304.43632
35.28502,304.43627
35.28713,304.43697
35.28973,304.4361
35.29317,304.43898
35.29675,304.44323
35.30082,304.45113
35.30367,304.4624
35.30377,304.47817
35.30195,304.4911
35.29802,304.50417
35.29177,304.51728
35.28405,304.52718
35.27435,304.53273
35.26478,304.53875
35.2541,304.54445
35.2432,304.54892
35.23157,304.55095
35.2202,304.55273
35.20823,304.55355
35.19473,304.55325
35.18342,304.5493
35.17222,304.54598
35.16105,304.54412
35.14987,304.54283
35.13883,304.54153
35.12803,304.54037
35.11682,304.54122
35.10592,304.53982
35.09552,304.53927
35.08398,304.53972
35.07303,304.53887
35.06243,304.54092
35.05227,304.54448
35.04023,304.54645
35.0276,304.54978
35.01332,304.5536
34.99777,304.5544
34.9821,304.55298
34.96613,304.55055
34.9517,304.54727
34.93745,304.54427
34.92438,304.54092
34.91072,304.53613
34.89825,304.52938
34.88743,304.52273
34.87783,304.516
34.86765,304.51005
34.85987,304.50562
34.8534,304.50403
34.8448,304.50387
34.8363,304.50528
34.82762,304.50742
34.8179,304.50862
34.80743,304.50943
34.7965,304.5099
34.78458,304.51247
34.7729,304.51467
34.75943,304.5165
34.74753,304.5177
34.73528,304.5183
34.7232,304.51953
34.71145,304.52033
34.69867,304.52312
34.68443,304.52473
34.67012,304.52468
34.6552,304.52362
34.64112,304.51847
34.62808,304.51188
34.6167,304.50633
34.60632,304.49987
34.59728,304.49442
34.5896,304.48878
34.58285,304.48288
34.57822,304.48087
34.57427,304.48108
34.56725,304.48238
34.55952,304.48182
34.55083,304.48385
34.54095,304.48797
34.52928,304.49212
34.51642,304.4962
34.50195,304.5008
34.48828,304.5044
34.4732,304.50657
34.46022,304.50627
34.44813,304.50417
34.43685,304.50247
34.42505,304.49943
34.4165,304.495
34.40937,304.49198
34.40443,304.48957
34.39937,304.48915
34.39432,304.49147
34.38828,304.49537
34.38215,304.49993
34.37803,304.50715
34.37355,304.51275
34.36923,304.5177
34.36448,304.52197
34.36177,304.52595
34.35857,304.53042
34.35468,304.53808
34.35175,304.54667
34.34605,304.55535
34.33862,304.56342
34.3305,304.5735
34.32307,304.58117
34.31498,304.58543
34.30663,304.58825
34.3011,304.5902
34.29905,304.59078
34.30122,304.59192
34.30427,304.59372
34.30763,304.59717
34.31402,304.60297
34.3194,304.61147
34.323,304.62188
34.32428,304.63183
34.32545,304.64313
34.32613,304.65615
34.32607,304.67157
34.32568,304.68815
34.32575,304.70805
34.32275,304.73023
34.31963,304.75452
34.31405,304.78127
34.30567,304.81145
34.29363,304.84215
34.27858,304.87295
34.25897,304.90297
34.235,304.92968
34.20783,304.95498
34.17785,304.97637
34.14693,304.9941
34.11795,305.00742
34.0914,305.01613
34.06653,305.01915
34.04543,305.01945
34.02825,305.01943
34.01475,305.01797
34.00333,305.0165
33.99505,305.0148
33.98803,305.01345
33.9834,305.01292
33.98338,305.01745
33.98368,305.02708
33.98317,305.0405
33.98285,305.05942
33.98047,305.08417
33.97407,305.11127
33.96382,305.13632
33.94968,305.1584
33.93328,305.17823
33.91663,305.19408
33.90198,305.20645
33.89028,305.21892
33.88065,305.23217
33.87248,305.24575
33.86578,305.26087
33.86012,305.27263
33.85543,305.2839
33.8534,305.2964
33.85207,305.31047
33.85357,305.32612
33.85407,305.34497
33.85493,305.36788
33.8548,305.39468
33.85423,305.42315
33.85203,305.45422
33.84807,305.48647
33.8444,305.51903
33.83738,305.55043
33.82917,305.58013
33.81977,305.60757
33.80797,305.63158
33.79637,305.6507
33.78363,305.66687
33.77228,305.67972
33.76277,305.68967
33.75508,305.69777
33.75037,305.7057
33.74818,305.71475
33.7472,305.72435
33.74955,305.73747
33.7535,305.7514
33.75882,305.77
33.76375,305.78915
33.76712,305.81208
33.76843,305.83837
33.77012,305.8641
33.77028,305.89112
33.76852,305.91888
33.76375,305.94765
33.75575,305.97652
33.74713,306.0029
33.73847,306.02548
33.7274,306.047
33.7164,306.06737
33.70768,306.08455
33.69832,306.09983
33.68828,306.1138
33.6805,306.12542
33.67502,306.13613
33.67092,306.14597
33.66918,306.1562
33.66917,306.16977
33.66945,306.18455
33.66928,306.1997
33.66952,306.2167
33.67133,306.23387
33.6715,306.25362
33.6694,306.27277
33.66738,306.29247
33.66373,306.31268
33.65878,306.33158
33.6516,306.3501
33.64387,306.3677
33.63545,306.38488
33.62607,306.40093
33.6173,306.41378
33.60935,306.42565
33.60163,306.4338
33.59362,306.44318
33.58555,306.45283
33.57803,306.46018
33.57318,306.46623
33.5682,306.47092
33.56643,306.47818
33.56687,306.48777
33.56685,306.5012
33.56765,306.51558
33.5675,306.53223
33.56757,306.5505
33.56735,306.5676
33.56523,306.58545
33.5591,306.60377
33.55065,306.61905
33.54077,306.63425
33.53075,306.64628
33.51935,306.65398
33.50885,306.6592
33.5018,306.66105
33.49543,306.6608
33.49147,306.6619
33.48885,306.66307
33.48658,306.66682
33.48562,306.67198
33.48547,306.67695
33.4855,306.68235
33.48578,306.68625
33.48653,306.69192
33.48633,306.69968
33.4851,306.7093
33.48342,306.7185
33.48128,306.7268
33.478,306.73535
33.4751,306.7437
33.47163,306.75163
33.46715,306.7583
33.46227,306.76708
33.45688,306.77435
33.45007,306.78197
33.44293,306.78912
33.43615,306.79655
33.42902,306.80452
33.41927,306.81338
33.40837,306.81833
33.39948,306.82018
33.39128,306.82047
33.38452,306.81835
33.37957,306.81522
33.37777,306.8129
33.37733,306.81245
33.37912,306.81353
33.38155,306.81627
33.38215,306.82212
33.3825,306.82942
33.38352,306.83693
33.38598,306.84923
33.38645,306.86295
33.38485,306.87698
33.37965,306.88978
33.37345,306.90097
33.36715,306.91003
33.36192,306.91713
33.35833,306.9248
33.3553,306.93287
33.35273,306.94012
33.3498,306.94758
33.34597,306.9545
33.34177,306.9609
33.33778,306.96718
33.33547,306.9733
33.33298,306.9792
33.33277,306.98528
33.33415,306.99218
33.33593,306.99968
33.33777,307.00845
33.34032,307.02032
33.34122,307.03388
33.34202,307.04725
33.34158,307.0628
33.33875,307.07797
33.33435,307.09393
33.32812,307.1069
33.32108,307.11655
33.31495,307.12692
33.3099,307.13637
33.3043,307.14395
33.29982,307.15002
33.29598,307.15642
33.2934,307.16265
33.29235,307.16958
33.29282,307.1749
33.29542,307.18413
33.2981,307.19385
33.29978,307.2068
33.29995,307.2203
33.2998,307.23467
33.29707,307.25422
33.29265,307.27257
33.28557,307.29025
33.27722,307.30293
33.27022,307.3117
33.266,307.31637
33.26348,307.32077
33.26073,307.3251
33.25893,307.3317
33.25692,307.33885
33.25577,307.35037
33.25458,307.3614
33.25538,307.36977
33.25747,307.38058
33.25872,307.39148
33.25905,307.40443
33.25885,307.41792
33.25803,307.43298
33.25523,307.44533
33.25067,307.45797
33.24495,307.47045
33.23858,307.48127
33.23198,307.49017
33.22657,307.49872
33.2221,307.5049
33.218,307.51187
33.21385,307.51952
33.21062,307.52295
33.21137,307.5276
33.21408,307.533
33.21698,307.53995
33.22122,307.5495
33.22443,307.56013
33.22853,307.5721
33.23253,307.58552
33.2343,307.60025
33.23538,307.61502
33.23675,307.62877
33.23697,307.64038
33.23853,307.65185
33.23657,307.661
33.23592,307.66865
33.23367,307.67455
33.2341,307.68083
33.23577,307.68685
33.23902,307.6938
33.24255,307.70247
33.24702,307.71215
33.25148,307.72377
33.25608,307.73392
33.26075,307.74518
33.26743,307.75572
33.27237,307.76862
33.2756,307.77925
33.28048,307.79027
33.2852,307.80035
33.29022,307.81058
33.29455,307.82268
33.29685,307.83658
33.29615,307.84992
