33.47635,323.71503
33.4792,323.71005
33.48292,323.70655
33.48587,323.70488
33.49062,323.70492
33.49337,323.70367
33.49815,323.70043
33.50065,323.69635
33.5032,323.69227
33.50732,323.68695
33.51003,323.68192
33.5119,323.67683
33.51438,323.67015
33.51832,323.66235
33.52367,323.65505
33.52975,323.64762
33.53783,323.64118
33.545,323.63835
33.5505,323.63647
33.55307,323.6355
33.55568,323.63417
33.55702,323.63368
33.55615,323.63292
33.55338,323.62903
33.55225,323.62383
33.55298,323.61655
33.5552,323.60895
33.56038,323.60383
33.56615,323.59913
33.57125,323.59487
33.5751,323.59213
33.57925,323.59243
33.5849,323.5944
33.58817,323.59728
33.58917,323.60112
33.58992,323.60492
33.59027,323.6082
33.59055,323.61035
33.58992,323.60672
33.58792,323.6012
33.58638,323.59737
33.58637,323.59612
33.58802,323.59845
33.5864,323.60392
33.58375,323.6111
33.58015,323.61412
33.57473,323.61445
33.56938,323.61393
33.56543,323.6126
33.5617,323.60892
33.55723,323.60423
33.55157,323.5946
33.54698,323.5804
33.5461,323.56833
33.54717,323.55998
33.54943,323.55287
33.55022,323.54673
33.55023,323.54087
33.55127,323.53692
33.5528,323.5345
33.55378,323.53202
33.55513,323.53068
33.5564,323.52917
33.55572,323.52342
33.55573,323.51675
33.55507,323.51042
33.55685,323.50758
33.5599,323.50628
33.56173,323.50442
33.56215,323.5025
33.56192,323.49975
33.5604,323.49475
33.55927,323.49057
33.55802,323.4848
33.55757,323.4786
33.5568,323.47008
33.55755,323.45908
33.56077,323.44525
33.56443,323.43545
33.5702,323.42915
33.57525,323.42317
33.58145,323.41795
33.58623,323.41468
33.59055,323.4121
33.59512,323.4121
33.59935,323.41222
33.60248,323.41238
33.60495,323.41337
33.60415,323.4129
33.6043,323.40925
33.60413,323.40455
33.60328,323.40008
33.60382,323.39752
33.6026,323.3942
33.60267,323.38813
33.60425,323.3834
33.6078,323.37798
33.60968,323.37372
33.60953,323.36823
33.61013,323.36282
33.61115,323.35623
33.6118,323.34863
33.61398,323.34277
33.61673,323.3391
33.62412,323.33557
33.63268,323.3342
33.6399,323.337
33.64463,323.3411
33.64805,323.34455
33.6481,323.34557
33.64535,323.346
33.64195,323.3443
33.64018,323.33995
33.64038,323.3333
33.64195,323.32558
33.6431,323.31685
33.64585,323.3067
33.65328,323.30037
33.66243,323.2974
33.67257,323.2967
33.68058,323.29888
33.6863,323.30313
33.69048,323.3069
33.69458,323.30938
33.69948,323.31102
33.7019,323.31473
33.70398,323.31413
33.70603,323.31453
33.70803,323.31572
33.70822,323.31735
33.70805,323.31942
33.7079,323.321
33.70917,323.32183
33.71023,323.32178
33.71457,323.31938
33.72005,323.31695
33.72535,323.3164
33.72875,323.3168
33.72955,323.31788
33.73125,323.31703
33.73303,323.31695
33.73572,323.32068
33.7364,323.32323
33.735,323.3244
33.73275,323.32218
33.7307,323.31988
33.73115,323.31972
33.73342,323.32108
33.73432,323.31997
33.73438,323.31712
33.73617,323.31512
33.73698,323.31437
33.74018,323.31422
33.74132,323.31378
33.74223,323.3147
33.74437,323.31707
33.74412,323.31655
33.74522,323.31578
33.74573,323.3132
33.74807,323.31032
33.75093,323.30672
33.75423,323.30212
33.75713,323.29787
33.7633,323.2953
33.76835,323.29438
33.77288,323.29265
33.7774,323.29142
33.78332,323.2931
33.78408,323.2958
33.78433,323.29823
33.7852,323.29987
33.7853,323.30202
33.78717,323.30353
33.78653,323.30233
33.78897,323.30197
33.7954,323.30352
33.80328,323.30743
33.80995,323.31245
33.81683,323.3208
33.82272,323.33092
33.82508,323.34133
33.82547,323.35257
33.82517,323.36282
33.82203,323.37067
33.81673,323.37775
33.81048,323.38245
33.80698,323.38418
33.80317,323.38543
33.80063,323.38725
33.79867,323.39052
33.79827,323.39153
33.80027,323.39277
33.80123,323.3922
33.80195,323.3926
33.80213,323.39518
33.80457,323.39847
33.80443,323.40288
33.80357,323.40625
33.80262,323.40952
33.80445,323.4117
33.80628,323.41377
33.80822,323.41657
33.80975,323.4233
33.81428,323.43437
33.81572,323.44915
33.81362,323.46328
33.80868,323.47828
33.80167,323.4932
33.79227,323.50482
33.78318,323.5132
33.77117,323.51563
33.76177,323.51527
33.74982,323.51242
33.74338,323.50895
33.74057,323.50643
33.74125,323.5029
33.74085,323.50062
33.74313,323.49842
33.74708,323.50097
33.75002,323.50388
33.75215,323.50755
33.75532,323.51253
33.75938,323.52363
33.76292,323.53517
33.76292,323.54763
33.75892,323.56025
33.75407,323.57103
33.75127,323.58207
33.75028,323.59433
33.74738,323.60785
33.74288,323.62322
33.73642,323.63807
33.7289,323.65112
33.71828,323.6617
33.70613,323.67203
33.69815,323.68142
33.69128,323.68783
33.68533,323.69268
33.68105,323.69568
33.67988,323.70003
33.67785,323.70572
33.67825,323.71155
33.68022,323.71903
33.68427,323.72852
33.6888,323.7385
33.69288,323.7513
33.69248,323.76603
33.69252,323.78315
33.69472,323.80145
33.69585,323.82028
33.69705,323.83877
33.69962,323.85843
33.70293,323.87808
33.70447,323.90018
33.70392,323.9228
33.70055,323.94373
33.69608,323.96193
33.6894,323.98045
33.68057,323.99733
33.67022,324.00778
33.66097,324.0129
33.65452,324.01993
33.64817,324.02702
33.64745,324.03355
33.64808,324.04318
33.64948,324.05153
33.65092,324.06063
33.65253,324.07278
33.65495,324.08492
33.65575,324.09765
33.65477,324.11155
33.65333,324.12552
33.65143,324.14077
33.64825,324.15532
33.6444,324.1695
33.64155,324.18355
33.63592,324.19915
33.63105,324.21328
33.62568,324.22443
33.6231,324.23607
33.6205,324.24763
33.6151,324.25907
33.6085,324.26852
33.60243,324.27577
33.59622,324.28098
33.59133,324.28525
33.585,324.29012
33.58532,324.29463
33.58875,324.30018
33.595,324.30937
33.6012,324.32395
33.60877,324.33963
33.61403,324.35492
33.61843,324.36963
33.62172,324.38528
33.62337,324.40308
33.62522,324.42118
33.62667,324.43908
33.62442,324.45632
33.62,324.47052
33.61355,324.48202
33.6073,324.49165
33.60208,324.49848
33.6001,324.50507
33.60222,324.51095
33.60785,324.52217
33.61078,324.53485
33.61438,324.54895
33.61727,324.56095
33.6205,324.57305
33.62027,324.58525
33.61992,324.59705
33.61827,324.60798
33.61678,324.6166
33.61613,324.62507
33.61492,324.6354
33.61585,324.64392
33.61987,324.65305
33.62237,324.663
33.6227,324.67635
33.62248,324.69097
33.62197,324.7059
33.61847,324.72065
33.61355,324.73435
33.608,324.7472
33.60152,324.75765
33.59152,324.76803
33.58002,324.77542
33.57022,324.77975
33.55943,324.7824
33.55342,324.77738
33.55065,324.77158
33.55263,324.7667
33.55573,324.76547
33.56378,324.76302
33.5718,324.76853
33.5789,324.77615
33.58497,324.78428
33.58893,324.79168
33.59148,324.802
33.59168,324.81177
33.59118,324.82387
33.5885,324.83492
33.58522,324.84475
33.58147,324.8542
33.57695,324.85973
33.57217,324.86203
33.56893,324.8645
33.56925,324.86605
33.56878,324.8707
33.56392,324.87152
33.5594,324.87072
33.55738,324.86862
33.5569,324.86693
33.55725,324.86407
33.56088,324.86268
33.56705,324.86445
33.57435,324.86583
33.58102,324.86802
33.59297,324.87325
33.6035,324.87977
33.61355,324.8914
33.62143,324.90397
33.62227,324.91845
33.61852,324.93163
33.61448,324.94008
33.60935,324.94573
33.60465,324.95003
33.60297,324.95325
33.6036,324.9551
33.60462,324.95732
33.60648,324.9613
33.60985,324.96502
33.61437,324.97018
33.6207,324.9767
33.6243,324.98545
33.6238,324.9922
33.62128,324.99903
33.61665,324.99962
33.61217,325.00017
33.61102,324.99787
33.61457,324.99887
33.61715,325.00547
33.6214,325.0113
33.62453,325.01747
33.62613,325.02495
33.6274,325.03645
33.62578,325.04682
33.62133,325.05145
33.61538,325.05705
33.60955,325.06048
33.60473,325.05952
33.6024,325.05743
33.6026,325.05585
33.60725,325.05785
33.61083,325.0642
33.61355,325.07118
33.61587,325.07805
33.61905,325.08243
33.62317,325.08938
33.62432,325.09685
33.6215,325.10582
33.6174,325.11328
33.61512,325.11943
33.60963,325.12537
33.6015,325.12802
33.59655,325.12903
33.59465,325.13137
33.59532,325.1331
33.59813,325.1337
33.60158,325.13717
33.6023,325.14418
33.60263,325.15292
33.60228,325.16258
33.6004,325.17185
33.59773,325.18023
33.59427,325.191
33.58925,325.20287
33.5843,325.21083
33.57985,325.21705
33.57672,325.22442
33.57505,325.23468
33.57387,325.24462
33.5721,325.25487
33.56757,325.26722
33.5596,325.28178
33.54748,325.29667
33.53158,325.30587
33.5173,325.30943
33.50678,325.30923
33.49963,325.30827
33.49235,325.30662
33.48553,325.30608
33.48462,325.30885
33.4825,325.31448
33.48012,325.32082
33.47777,325.32547
33.47537,325.33098
33.47345,325.33563
33.46877,325.34172
33.46387,325.34835
33.45952,325.35473
33.45598,325.3658
33.45447,325.37698
33.45088,325.39098
33.44932,325.40617
33.44652,325.4216
33.44145,325.43803
33.43558,325.45343
33.42743,325.47113
33.41612,325.48498
33.4047,325.49798
33.39345,325.51168
33.37837,325.52367
33.36437,325.53358
33.34793,325.54148
33.33272,325.54635
33.31822,325.54987
33.30273,325.55093
33.28878,325.54947
33.2778,325.54195
33.27077,325.53265
33.2676,325.52393
33.26673,325.5204
33.26648,325.51943
33.26382,325.51808
33.26182,325.5184
33.25848,325.52343
33.25547,325.5311
33.24868,325.53808
33.24093,325.54323
33.23397,325.54687
33.22855,325.54955
33.22383,325.54517
33.21957,325.54165
33.21593,325.53755
33.21072,325.53327
33.20282,325.5274
33.19477,325.51888
33.18642,325.50892
33.17752,325.49857
33.16767,325.48737
33.16258,325.47592
33.15958,325.46688
33.15567,325.46075
33.15538,325.45287
33.1565,325.4465
33.16027,325.44193
33.15892,325.43718
33.15723,325.4336
33.15618,325.43028
33.1574,325.4267
33.15822,325.42233
33.15805,325.41578
33.15677,325.40967
33.15627,325.40562
33.15705,325.40325
33.159,325.39883
33.16188,325.39537
33.16467,325.39515
33.16587,325.39652
33.16435,325.39773
33.15915,325.39825
33.15343,325.39733
33.14605,325.39262
33.13845,325.38738
33.13358,325.3812
33.12853,325.37467
33.12383,325.36688
33.11965,325.35878
33.11843,325.34938
33.11812,325.34045
33.11758,325.33265
33.11553,325.32515
33.1147,325.3179
33.11708,325.31012
33.11792,325.30212
33.1206,325.29695
33.12452,325.29478
33.12908,325.2934
33.13487,325.2956
33.14105,325.3017
33.14377,325.31018
33.14362,325.31785
33.14068,325.32253
33.13342,325.32408
33.12413,325.32153
33.11732,325.31647
33.1089,325.31043
33.10212,325.30515
33.09497,325.29963
33.08977,325.2924
33.08778,325.28102
33.0906,325.27118
33.09295,325.26315
33.09355,325.25693
33.09822,325.2521
33.10252,325.25247
33.10262,325.25488
33.10165,325.25627
33.10102,325.2592
33.10038,325.26262
33.10012,325.26457
33.09833,325.26437
33.09448,325.26065
33.09182,325.25838
33.0895,325.25785
33.08317,325.2565
33.07587,325.25425
33.0677,325.25048
33.06128,325.24545
33.05535,325.23803
