37.83523,316.62287
37.8502,316.6209
37.86365,316.62042
37.8774,316.61822
37.89008,316.61433
37.90137,316.60962
37.91268,316.60365
37.92528,316.59678
37.93767,316.58958
37.94985,316.57977
37.96178,316.57055
37.97353,316.56083
37.98415,316.55342
37.99492,316.54688
38.0067,316.54225
38.01528,316.54115
38.01922,316.54217
38.02158,316.54347
38.02303,316.54212
38.0242,316.53947
38.02643,316.53488
38.0273,316.52955
38.02352,316.52067
38.02223,316.50897
38.02495,316.49565
38.0273,316.48563
38.03063,316.47688
38.03468,316.46927
38.03965,316.46208
38.04373,316.45528
38.04822,316.44823
38.0523,316.441
38.0548,316.43445
38.05675,316.42877
38.05718,316.42277
38.05633,316.41885
38.05448,316.4125
38.05203,316.40457
38.05037,316.39912
38.0498,316.39307
38.05,316.38683
38.04948,316.37647
38.04938,316.36668
38.05007,316.35825
38.05102,316.3487
38.05007,316.33725
38.04892,316.32068
38.0488,316.2992
38.04982,316.27683
38.05103,316.25438
38.05225,316.23087
38.05522,316.20595
38.05915,316.18222
38.06415,316.15867
38.07072,316.13393
38.0797,316.1098
38.08957,316.08837
38.10015,316.06593
38.11252,316.04313
38.12758,316.02187
38.14415,316.00272
38.1616,315.98767
38.17923,315.97463
38.19598,315.9626
38.21152,315.95075
38.22727,315.93875
38.24075,315.92682
38.25235,315.91238
38.26347,315.89697
38.27555,315.88015
38.28897,315.8624
38.3027,315.84173
38.3172,315.82108
38.33273,315.80215
38.34877,315.78258
38.36653,315.76412
38.38438,315.7457
38.40412,315.73028
38.42452,315.71663
38.44305,315.70573
38.46107,315.69642
38.47613,315.6884
38.49013,315.68063
38.50128,315.67607
38.51113,315.67082
38.5196,315.6634
38.52897,315.65613
38.5374,315.64877
38.54537,315.6394
38.55492,315.6258
38.56478,315.61695
38.5747,315.61107
38.58412,315.60502
38.59368,315.5977
38.60362,315.59173
38.61312,315.58535
38.62318,315.57962
38.63382,315.57545
38.64322,315.57562
38.65228,315.5754
38.66152,315.57565
38.66927,315.57623
38.67657,315.5765
38.68333,315.57545
38.68965,315.57315
38.69622,315.57372
38.70137,315.5752
38.70695,315.57547
38.71298,315.57465
38.7168,315.57547
38.72063,315.57543
38.7252,315.57545
38.72993,315.57455
38.73055,315.57405
38.72837,315.56722
38.72832,315.55678
38.72862,315.54543
38.73032,315.5337
38.73357,315.52083
38.73793,315.5087
38.74415,315.50048
38.75048,315.49177
38.75663,315.48482
38.76258,315.47762
38.76913,315.47192
38.7747,315.46713
38.7789,315.4625
38.78235,315.45673
38.78728,315.45082
38.79297,315.44335
38.7988,315.43622
38.80493,315.43135
38.80975,315.42583
38.81575,315.41925
38.82238,315.4127
38.82943,315.40463
38.83648,315.39602
38.8453,315.38542
38.85643,315.3765
38.86752,315.36883
38.87827,315.36278
38.88843,315.35953
38.89865,315.35822
38.90795,315.35777
38.91602,315.35638
38.92428,315.355
38.933,315.35227
38.94167,315.34908
38.95067,315.34753
38.96055,315.34595
38.96997,315.34462
38.97992,315.34557
38.98943,315.34605
38.99747,315.34807
39.00388,315.3512
39.00968,315.35427
39.01525,315.35563
39.02052,315.35693
39.02437,315.35637
39.02943,315.35498
39.036,315.35178
39.04417,315.34915
39.05245,315.34758
39.05998,315.34615
39.06745,315.34667
39.07318,315.34787
39.08113,315.34698
39.09077,315.34997
39.09817,315.356
39.10338,315.36003
39.10863,315.36413
39.1122,315.36668
39.11508,315.36563
39.11955,315.365
39.12468,315.3638
39.1305,315.36543
39.13507,315.3648
39.14127,315.36452
39.14698,315.36502
39.15365,315.36722
39.16052,315.36913
39.16682,315.37272
39.17495,315.37622
39.18248,315.38118
39.18877,315.38678
39.1925,315.39218
39.19478,315.39732
39.19667,315.40042
39.19957,315.40277
39.20275,315.40383
39.20553,315.40383
39.2084,315.40323
39.21255,315.40348
39.21793,315.40272
39.22442,315.40157
39.23127,315.40053
39.23877,315.3983
39.246,315.39653
39.2527,315.3947
39.26027,315.39373
39.2689,315.39313
39.27677,315.3933
39.28392,315.39488
39.2902,315.39635
39.29595,315.39802
39.30108,315.39795
39.30627,315.39913
39.31192,315.40062
39.31628,315.4011
39.32087,315.40055
39.32603,315.40087
39.33155,315.40163
39.33568,315.4032
39.33702,315.40752
39.336,315.41062
39.33357,315.4126
39.32938,315.4123
39.32395,315.41042
39.31887,315.40728
39.31565,315.40108
39.31565,315.39637
39.31587,315.39177
39.31717,315.38915
39.31872,315.3878
39.32013,315.387
39.32103,315.38625
39.32227,315.3858
39.32358,315.38772
39.32435,315.38832
39.32403,315.38808
39.32418,315.38662
39.32537,315.38505
39.32622,315.38493
39.3264,315.38293
39.32622,315.38018
39.3252,315.3762
39.32533,315.37
39.3292,315.36317
39.33375,315.35807
39.33888,315.35357
39.34515,315.35062
39.3518,315.34768
39.3586,315.346
39.36345,315.34323
39.3679,315.33783
39.37307,315.33438
39.377,315.33095
39.38042,315.32822
39.38432,315.3256
39.38793,315.32328
39.39147,315.32045
39.39512,315.31748
39.39817,315.3157
39.40113,315.31515
39.40387,315.3151
39.4063,315.31277
39.41008,315.31047
39.41445,315.30898
39.41788,315.30718
39.42093,315.30277
39.42535,315.2982
39.42978,315.29338
39.43447,315.28935
39.43803,315.28682
39.44048,315.28557
39.44297,315.2851
39.44608,315.2867
39.44987,315.28688
39.45465,315.28722
39.45987,315.28608
39.46567,315.28158
39.47305,315.2731
39.48437,315.26418
39.4947,315.25535
39.50405,315.2485
39.5137,315.24352
39.52338,315.2389
39.53338,315.23317
39.5433,315.22815
39.55277,315.22328
39.56282,315.21853
39.5728,315.21488
39.58142,315.21143
39.59097,315.2071
39.60333,315.20132
39.6171,315.19443
39.63117,315.18817
39.64502,315.18127
39.65905,315.17492
39.67337,315.16815
39.68783,315.1627
39.70422,315.1581
39.7219,315.15567
39.73822,315.1553
39.7528,315.15592
39.7667,315.15803
39.78023,315.16298
39.79283,315.16835
39.80532,315.17453
39.81662,315.18542
39.8218,315.1982
39.82238,315.21072
39.81765,315.22125
39.80972,315.22628
39.79903,315.2258
39.78933,315.2202
39.78173,315.20913
39.77567,315.19283
39.77352,315.174
39.77663,315.15233
39.78462,315.12925
39.79705,315.10667
39.81092,315.08797
39.8267,315.07238
39.8423,315.05927
39.85615,315.04932
39.86848,315.04258
39.8804,315.03792
39.89093,315.03428
39.89835,315.03315
39.9023,315.0309
39.90277,315.02798
39.9026,315.02208
39.90308,315.01353
39.90415,315.0017
39.90807,314.98708
39.91318,314.9682
39.9205,314.94795
39.93133,314.92698
39.94568,314.90745
39.9616,314.88933
39.97945,314.87215
39.99995,314.85593
40.02162,314.84197
40.04373,314.82927
40.06655,314.81975
40.08962,314.81167
40.1121,314.80557
40.13398,314.80128
40.15538,314.7989
40.17772,314.79643
40.20042,314.7948
40.22382,314.79242
40.24792,314.79008
40.27212,314.78838
40.29707,314.78697
40.32307,314.78762
40.35158,314.79183
40.3824,314.80048
40.41505,314.81658
40.44737,314.83607
40.4791,314.85928
40.51198,314.88532
40.53848,314.9175
40.5557,314.95023
40.56673,314.98077
40.57102,315.00863
40.5696,315.03097
40.56423,315.0457
40.5558,315.05275
40.54815,315.05168
40.54442,315.04257
40.54457,315.02733
40.54935,315.00667
40.56068,314.98297
40.57937,314.96108
40.60345,314.9434
40.63098,314.92902
40.6598,314.92067
40.6883,314.92128
40.71583,314.92848
40.74002,314.93727
40.75952,314.95025
40.77392,314.96692
40.78122,314.98802
40.78198,315.0058
40.77933,315.01527
40.77583,315.01628
40.77215,315.00897
40.76748,314.99512
40.76502,314.97387
40.76887,314.94557
40.78082,314.91517
40.80065,314.88662
40.82535,314.86323
40.85197,314.84102
40.88267,314.82418
40.91652,314.81562
40.94972,314.81817
40.97703,314.82548
40.99917,314.83418
41.0148,314.83897
41.02567,314.83967
41.03698,314.83692
41.04812,314.83007
41.0578,314.81708
41.06985,314.79882
41.08507,314.77778
41.10498,314.75587
41.1249,314.73748
41.14542,314.71818
41.16938,314.69923
41.19623,314.68438
41.22527,314.67348
41.25567,314.6704
41.28157,314.67288
41.30243,314.67937
41.31738,314.68542
41.32878,314.68917
41.3375,314.68912
41.34407,314.68393
41.3511,314.67272
41.359,314.6589
41.37057,314.64497
41.3834,314.62947
41.3991,314.61377
41.41687,314.60037
41.43532,314.58763
41.45523,314.57732
41.47693,314.5712
41.49808,314.56923
41.51823,314.56925
41.5364,314.56983
41.55127,314.57075
41.56512,314.57295
41.57798,314.5739
41.59055,314.57587
41.60377,314.57942
41.61645,314.58292
41.62763,314.58377
41.6398,314.58113
41.6539,314.57732
41.66947,314.56982
41.68715,314.56115
41.70708,314.55275
41.72897,314.54748
41.74912,314.5467
41.76853,314.54823
41.78663,314.55162
41.80633,314.5553
41.8253,314.55893
41.84438,314.56373
41.85985,314.57157
41.87275,314.57933
41.88562,314.58583
41.89732,314.59347
41.90852,314.59835
41.91667,314.60095
41.92563,314.60437
41.93807,314.60702
41.95207,314.60933
41.9669,314.6116
41.98428,314.61438
42.00012,314.61792
42.01523,314.61985
42.0316,314.6164
42.04928,314.61125
42.0696,314.60713
42.09152,314.60563
42.11357,314.60797
42.13472,314.61402
42.15235,314.6219
42.16775,314.62885
42.18138,314.6353
42.19652,314.64155
42.21362,314.64768
42.2268,314.65423
42.23997,314.6598
42.25275,314.66535
42.2667,314.67223
42.2796,314.67998
42.2931,314.68767
42.30518,314.69348
42.3169,314.69615
42.33138,314.70057
42.34587,314.70612
42.3629,314.7124
42.38027,314.71875
42.39615,314.72588
42.41098,314.7327
42.42513,314.74057
42.43807,314.74845
42.45115,314.75703
42.4654,314.76817
42.48032,314.78207
42.49332,314.79905
42.50422,314.81733
42.51208,314.8364
42.5168,314.85463
42.5172,314.86815
42.51872,314.878
42.523,314.88153
42.53202,314.88578
42.54242,314.89213
42.55387,314.89933
42.56707,314.90617
42.58275,314.91655
42.59982,314.9308
42.616,314.94762
42.63107,314.96697
42.6438,314.98908
42.65203,315.01242
42.65992,315.0357
42.66797,315.05927
42.67643,315.08547
42.684,315.11237
42.6899,315.13743
42.69517,315.16348
42.69955,315.19225
42.7029,315.22357
42.70262,315.25462
42.70058,315.28572
42.69778,315.3173
42.69305,315.34895
42.68728,315.37928
42.68175,315.40755
42.67823,315.4373
42.6754,315.46813
42.67232,315.50187
42.67068,315.53605
42.66872,315.57117
42.66313,315.60592
42.65595,315.64388
42.64645,315.68263
42.63733,315.72018
42.62748,315.75918
42.61473,315.79587
42.6017,315.8308
42.59105,315.86477
42.58053,315.89833
42.57282,315.93233
42.5674,315.9679
42.56293,316.00555
42.559,316.04577
42.55372,316.08598
42.55075,316.12897
42.54837,316.1755
42.54723,316.22505
42.5454,316.27883
42.5438,316.33472
42.54133,316.39252
42.5384,316.45245
42.53777,316.5131
42.53683,316.57373
42.53583,316.63488
42.53647,316.69675
42.5381,316.75865
42.542,316.82008
42.54795,316.88273
42.55457,316.94618
42.56428,317.01222
42.57467,317.08012
42.58607,317.15008
