39.44885,294.04315
39.4565,294.04107
39.46703,294.03897
39.47998,294.03977
39.49148,294.04348
39.49963,294.04043
39.50993,294.03272
39.5241,294.0221
39.54233,294.0154
39.56058,294.00937
39.57928,294.00552
39.59892,294.00485
39.61678,294.00825
39.63702,294.01412
39.65347,294.02102
39.667,294.02365
39.6788,294.01897
39.69037,294.0109
39.70318,294.00243
39.7171,293.99068
39.73415,293.97473
39.75828,293.95908
39.7862,293.9478
39.814,293.94742
39.83988,293.95368
39.86062,293.96352
39.87863,293.96625
39.89747,293.96577
39.91743,293.9646
39.93377,293.96375
39.95067,293.96078
39.96698,293.95573
39.9832,293.94995
40.0012,293.94418
40.01982,293.94002
40.03727,293.93412
40.05312,293.92778
40.07205,293.91838
40.09417,293.90868
40.11688,293.90478
40.14042,293.90228
40.16363,293.90408
40.18855,293.91068
40.20923,293.92632
40.22135,293.94472
40.2306,293.96038
40.23882,293.97085
40.24685,293.97828
40.25455,293.98803
40.26613,293.99305
40.28197,293.99887
40.30197,294.00478
40.32755,294.01375
40.3517,294.02603
40.37077,294.0461
40.38675,294.06918
40.39972,294.09177
40.41032,294.10892
40.42073,294.11772
40.43132,294.12197
40.44433,294.12175
40.46178,294.12
40.48193,294.1193
40.50315,294.12068
40.52775,294.13
40.5514,294.14553
40.56975,294.16607
40.57998,294.18857
40.58667,294.20812
40.59328,294.22267
40.60292,294.22822
40.61753,294.2314
40.63543,294.23502
40.6568,294.2406
40.6842,294.25357
40.71053,294.27235
40.7305,294.29718
40.74685,294.32375
40.7587,294.34892
40.76827,294.37222
40.77712,294.39068
40.78752,294.40407
40.79787,294.41625
40.81357,294.42553
40.83237,294.43617
40.85213,294.44782
40.87295,294.4631
40.88945,294.4818
40.90145,294.50018
40.91238,294.51942
40.92517,294.54038
40.93715,294.56543
40.94842,294.59157
40.95723,294.61922
40.96557,294.64482
40.97163,294.66923
40.97928,294.68893
40.98807,294.70365
41.00133,294.71272
41.0179,294.72252
41.03738,294.73485
41.05572,294.75288
41.07047,294.77442
41.08362,294.7985
41.09225,294.8235
41.09967,294.84722
41.10392,294.87057
41.10803,294.88897
41.11373,294.90112
41.11772,294.90678
41.12397,294.90872
41.1321,294.90762
41.14605,294.90275
41.16695,294.90138
41.18898,294.90572
41.2097,294.91945
41.2257,294.9409
41.23188,294.96483
41.23138,294.98487
41.2281,294.99852
41.22235,295.01215
41.21683,295.0246
41.21203,295.03602
41.20737,295.0471
41.20417,295.05913
41.2103,295.07223
41.22312,295.0923
41.23835,295.12307
41.25308,295.1631
41.2663,295.21263
41.27258,295.2694
41.27128,295.32935
41.26353,295.3911
41.25252,295.45562
41.23527,295.51873
41.21767,295.57428
41.19905,295.61748
41.18255,295.65193
41.16865,295.67663
41.15675,295.6957
41.14843,295.70953
41.14697,295.72208
41.15803,295.74168
41.174,295.7683
41.18662,295.80018
41.19893,295.84008
41.20555,295.8897
41.20768,295.94263
41.20452,295.99227
41.1983,296.03723
41.18967,296.07695
41.17917,296.10433
41.16522,296.11938
41.14955,296.12567
41.135,296.12062
41.12475,296.10862
41.1234,296.09532
41.13098,296.08762
41.14313,296.08523
41.15772,296.09053
41.17497,296.10448
41.19037,296.12312
41.2006,296.14458
41.20315,296.16698
41.20015,296.18838
41.19422,296.20533
41.18623,296.2146
41.17687,296.21937
41.1705,296.22403
41.16567,296.22627
41.16478,296.22798
41.1675,296.23108
41.17168,296.23518
41.17718,296.24113
41.18632,296.25135
41.19665,296.26817
41.20657,296.28673
41.21303,296.30652
41.21593,296.32785
41.2132,296.34553
41.20963,296.35435
41.20793,296.35733
41.2081,296.35953
41.20812,296.36218
41.21093,296.3645
41.21308,296.36683
41.2134,296.36845
41.21243,296.37155
41.2099,296.3778
41.20435,296.38612
41.19897,296.39003
41.19372,296.38907
41.18608,296.38533
41.18055,296.37537
41.1805,296.36037
41.18362,296.34262
41.19257,296.32728
41.20585,296.31552
41.2209,296.31092
41.23537,296.31637
41.24567,296.32738
41.25333,296.34553
41.25797,296.36603
41.25742,296.3877
41.25413,296.40402
41.24987,296.41603
41.24582,296.4256
41.24115,296.43425
41.23282,296.4379
41.22532,296.43728
41.22093,296.43062
41.21973,296.42383
41.22145,296.42012
41.22527,296.41995
41.23007,296.42465
41.2338,296.43198
41.23607,296.4405
41.23843,296.44882
41.2388,296.45268
41.24183,296.46187
41.24517,296.47332
41.24662,296.4813
41.2475,296.49197
41.24433,296.4972
41.23972,296.49493
41.2375,296.49107
41.23563,296.48697
41.23425,296.48395
41.23263,296.48298
41.23112,296.48175
41.23207,296.48305
41.2362,296.4851
41.2428,296.48788
41.25102,296.48982
41.25912,296.49625
41.26647,296.50748
41.26667,296.51535
41.26397,296.5224
41.25768,296.5306
41.25232,296.53967
41.24997,296.54522
41.24628,296.54808
41.243,296.55055
41.23855,296.5509
41.23597,296.55302
41.23568,296.55705
41.23528,296.56013
41.23783,296.5606
41.24117,296.56003
41.24558,296.5594
41.25053,296.56193
41.25488,296.56825
41.26042,296.58295
41.26007,296.59765
41.2582,296.61185
41.25538,296.62825
41.2488,296.6447
41.23893,296.65545
41.22882,296.65932
41.21822,296.65797
41.20893,296.6504
41.20522,296.63848
41.20367,296.62685
41.20493,296.61725
41.20847,296.61542
41.20873,296.61875
41.20728,296.6277
41.20285,296.63515
41.19702,296.64513
41.18947,296.65505
41.18013,296.66435
41.16915,296.66887
41.1573,296.67088
41.14218,296.66615
41.1299,296.65692
41.12037,296.64817
41.11157,296.6379
41.10275,296.62833
41.09415,296.62
41.08615,296.61138
41.07447,296.60398
41.06027,296.59893
41.04572,296.59347
41.03282,296.5889
41.0185,296.5804
41.00165,296.56247
40.98838,296.53732
40.98017,296.51073
40.97745,296.48578
40.97767,296.46633
40.97925,296.45032
40.98245,296.44438
40.98323,296.44872
40.98027,296.45648
40.97128,296.46335
40.96043,296.46825
40.95067,296.46802
40.94177,296.46343
40.93433,296.45382
40.93187,296.44208
40.93245,296.43377
40.9306,296.4243
40.93602,296.4255
40.94137,296.43982
40.9408,296.45777
40.932,296.47517
40.91892,296.4884
40.90413,296.49368
40.88678,296.49065
40.87175,296.47795
40.86015,296.45463
40.85523,296.42267
40.86033,296.38868
40.88115,296.37743
40.90098,296.37338
40.91595,296.37758
40.9237,296.3873
40.92262,296.40257
40.91543,296.41603
40.90505,296.42302
40.89357,296.42408
40.88043,296.416
40.8712,296.39558
40.86322,296.36162
40.86542,296.32617
40.87953,296.3066
40.89258,296.29677
40.90005,296.29815
40.8989,296.3063
40.8853,296.3129
40.8643,296.30905
40.84208,296.29842
40.8207,296.27803
40.8054,296.24652
40.80358,296.21577
40.8113,296.19637
40.8241,296.18882
40.83492,296.188
40.84165,296.19407
40.83998,296.20753
40.83038,296.22338
40.81227,296.23705
40.78643,296.23857
40.76163,296.22835
40.74442,296.21018
40.73627,296.18873
40.73635,296.1684
40.74427,296.15237
40.75652,296.14578
40.76753,296.14945
40.77568,296.15583
40.77988,296.16535
40.77683,296.18002
40.76363,296.19413
40.74398,296.19545
40.7254,296.18757
40.70993,296.17625
40.70045,296.15988
40.70032,296.14217
40.70567,296.12755
40.71738,296.12137
40.73195,296.125
40.7458,296.13485
40.75643,296.14597
40.76022,296.1605
40.75632,296.18247
40.74373,296.2008
40.72633,296.20898
40.70255,296.20722
40.67797,296.19368
40.66065,296.1689
40.65893,296.14395
40.66827,296.129
40.68248,296.12332
40.69468,296.12852
40.70405,296.13482
40.70828,296.1439
40.70725,296.15263
40.70238,296.1583
40.69207,296.16048
40.67863,296.15203
40.66385,296.13498
40.65688,296.11467
40.662,296.0988
40.67465,296.09835
40.68952,296.11433
40.7032,296.13532
40.71047,296.16153
40.71042,296.1896
40.70595,296.2126
40.69698,296.22878
40.68245,296.23903
40.66467,296.24317
40.6483,296.23345
40.63612,296.21537
40.63175,296.19647
40.63822,296.17725
40.65388,296.16313
40.67362,296.1727
40.69018,296.19318
40.70523,296.21497
40.71708,296.23887
40.72443,296.26443
40.72727,296.29263
40.72453,296.32415
40.71347,296.35205
40.69823,296.36695
40.68383,296.37627
40.6684,296.37445
40.65758,296.36348
40.65423,296.34985
40.6581,296.3355
40.67178,296.3247
40.69207,296.32657
40.71195,296.33415
40.73065,296.34822
40.74408,296.36587
40.74827,296.38808
40.74477,296.4081
40.74128,296.41862
40.73663,296.42205
40.7323,296.41812
40.72725,296.41088
40.72387,296.40103
40.72332,296.38678
40.72833,296.3737
40.73782,296.366
40.74958,296.366
40.76125,296.37772
40.76608,296.39813
40.75935,296.42095
40.74512,296.43912
40.72765,296.45015
40.70788,296.45087
40.6894,296.44238
40.67842,296.42777
40.67232,296.41343
40.66953,296.39883
40.66972,296.3843
40.673,296.37442
40.68025,296.37408
40.68947,296.38425
40.69328,296.40348
40.6887,296.42572
40.67847,296.441
40.66595,296.44893
40.65472,296.451
40.64453,296.44625
40.63538,296.4343
40.62887,296.41675
40.62718,296.39705
40.63488,296.38055
40.64993,296.37313
40.6684,296.37402
40.68598,296.38293
40.69675,296.40112
40.69723,296.41815
40.69162,296.42922
40.68215,296.43277
40.67473,296.42893
40.66823,296.42027
40.66303,296.40608
40.65902,296.38688
40.65968,296.36578
40.66615,296.34713
40.67818,296.3375
40.6922,296.33547
40.70277,296.3518
40.70798,296.36782
40.7074,296.37855
40.70488,296.38722
40.70297,296.39183
40.70193,296.39315
40.70237,296.38828
40.69953,296.38177
40.70023,296.37003
40.70543,296.3558
40.71658,296.34613
40.72545,296.34072
40.72722,296.33867
40.73355,296.34087
40.74005,296.34325
40.7453,296.34152
40.75282,296.33527
40.76162,296.32637
40.77018,296.31497
40.7832,296.31022
40.7933,296.30793
40.79987,296.30455
40.80362,296.30138
40.80382,296.30243
40.80702,296.30147
40.80987,296.29847
40.81323,296.29295
40.81837,296.2863
40.82555,296.27862
40.83662,296.26908
40.8499,296.26127
40.8649,296.25522
40.8806,296.25148
40.8918,296.25458
40.89773,296.2624
40.9025,296.26813
40.90637,296.2694
40.91348,296.269
40.91948,296.26953
40.92423,296.2674
40.93388,296.2592
40.9493,296.2501
40.96732,296.23908
40.98812,296.23237
41.00522,296.23762
41.01365,296.24847
41.01852,296.25435
41.02555,296.25393
41.0304,296.25508
41.03295,296.25353
41.03793,296.24755
41.0399,296.2402
41.043,296.22478
41.04925,296.21197
41.05757,296.19868
41.06338,296.19185
41.0666,296.18775
41.07147,296.1846
41.07223,296.18458
41.07155,296.1799
41.0719,296.17255
41.07877,296.1616
41.0853,296.15715
41.09165,296.15205
41.09835,296.14683
41.10722,296.14158
41.11785,296.1357
41.12358,296.13812
41.12578,296.14248
41.12627,296.14888
41.1227,296.15082
41.11685,296.15088
41.10837,296.1491
41.1011,296.13818
41.1014,296.12228
41.10833,296.10298
41.12087,296.07993
41.14008,296.06338
41.15898,296.05638
41.1757,296.05958
41.18765,296.06592
41.20072,296.07522
41.2111,296.08915
41.21632,296.10475
41.22177,296.11607
