37.93162,297.84937
37.9432,297.8403
37.9554,297.83115
37.96815,297.82072
37.98142,297.81082
37.99598,297.80085
38.01157,297.78955
38.02802,297.78115
38.04537,297.775
38.06473,297.76928
38.08475,297.76548
38.1053,297.76255
38.12637,297.76048
38.1478,297.76317
38.1694,297.76957
38.18905,297.78057
38.20822,297.79168
38.22403,297.80268
38.23585,297.81393
38.24572,297.82222
38.2548,297.82722
38.26757,297.8277
38.28252,297.82692
38.2986,297.82818
38.31582,297.83175
38.33487,297.83553
38.35485,297.83977
38.37425,297.84978
38.3943,297.86313
38.4114,297.88133
38.42115,297.90403
38.4259,297.92465
38.42972,297.94183
38.43252,297.95755
38.43237,297.9698
38.43487,297.98035
38.43805,297.9899
38.44302,297.99607
38.45023,298.00293
38.46183,298.01347
38.47358,298.02715
38.48497,298.04448
38.49632,298.06573
38.50675,298.09082
38.5153,298.11805
38.52128,298.14967
38.52405,298.18258
38.52547,298.2168
38.52583,298.25347
38.52683,298.2944
38.52887,298.33633
38.52813,298.37963
38.52327,298.4226
38.51745,298.46455
38.51467,298.51057
38.50968,298.55705
38.50077,298.60352
38.49035,298.6514
38.48167,298.70115
38.47302,298.75312
38.46498,298.80582
38.45347,298.86093
38.44217,298.91958
38.4243,298.97672
38.40435,299.03085
38.3829,299.08193
38.36213,299.13418
38.34083,299.18367
38.32108,299.22498
38.30397,299.2615
38.28728,299.29525
38.27175,299.32723
38.25813,299.35573
38.24502,299.38335
38.23393,299.40723
38.22358,299.42895
38.21482,299.45033
38.20857,299.4707
38.20147,299.49393
38.1988,299.51443
38.19568,299.53567
38.1923,299.55697
38.18742,299.57657
38.1814,299.59628
38.17288,299.6149
38.16452,299.63327
38.15788,299.64957
38.15252,299.66465
38.1502,299.67652
38.15282,299.6859
38.15685,299.6985
38.1596,299.71548
38.16073,299.73683
38.15873,299.76245
38.15393,299.78883
38.14692,299.81427
38.1378,299.83747
38.12808,299.85943
38.11715,299.8776
38.10445,299.89223
38.09333,299.90317
38.08323,299.90797
38.07318,299.91015
38.06507,299.90962
38.05627,299.90717
38.05215,299.90483
38.05192,299.90208
38.05343,299.9036
38.05618,299.90738
38.05985,299.91392
38.06295,299.92427
38.06448,299.93603
38.06642,299.95057
38.06755,299.96512
38.06707,299.97957
38.0654,299.99637
38.06328,300.01378
38.0591,300.03297
38.05523,300.05032
38.05192,300.0679
38.04817,300.08383
38.04418,300.0977
38.03772,300.11047
38.03165,300.11993
38.02492,300.12762
38.0167,300.13407
38.00863,300.13658
38.00033,300.13842
37.99198,300.13947
37.98462,300.13953
37.97727,300.13932
37.97097,300.13878
37.96572,300.1389
37.96488,300.137
37.9642,300.13585
37.96458,300.13623
37.96357,300.13907
37.95912,300.14397
37.95298,300.14985
37.94412,300.15622
37.93148,300.16203
37.91742,300.16435
37.90155,300.16268
37.88532,300.15788
37.87007,300.1484
37.85423,300.1363
37.83948,300.1205
37.82602,300.10393
37.81255,300.0855
37.80213,300.06337
37.7939,300.0412
37.78595,300.02143
37.77842,300.00418
37.7703,299.98865
37.76132,299.97415
37.75155,299.9617
37.74065,299.95052
37.7293,299.93992
37.71777,299.92975
37.70585,299.91937
37.69357,299.90687
37.68195,299.89525
37.6707,299.88313
37.65775,299.8701
37.6448,299.85708
37.63198,299.84333
37.61875,299.83108
37.60242,299.82027
37.58568,299.80815
37.56832,299.79318
37.55467,299.77475
37.5429,299.75608
37.53463,299.73715
37.52935,299.71988
37.5262,299.70732
37.52457,299.70088
37.52468,299.69762
37.52608,299.69675
37.52653,299.69742
37.52397,299.70065
37.51885,299.70283
37.51223,299.70462
37.50517,299.7039
37.49555,299.70425
37.48803,299.70055
37.48172,299.69357
37.47792,299.6845
37.47443,299.67585
37.47157,299.66543
37.46825,299.65588
37.46658,299.64443
37.46562,299.63258
37.46415,299.62263
37.46253,299.61292
37.4606,299.60203
37.45912,299.5904
37.45908,299.57982
37.45805,299.56987
37.45742,299.55982
37.45702,299.54947
37.45797,299.5393
37.4574,299.52922
37.4564,299.52012
37.45558,299.5102
37.45437,299.50073
37.45115,299.49087
37.44648,299.47933
37.4411,299.46905
37.43468,299.45803
37.42802,299.44632
37.41935,299.4314
37.41183,299.41482
37.40553,299.39662
37.40102,299.37755
37.39947,299.35697
37.40142,299.33778
37.40303,299.31997
37.40375,299.30708
37.40392,299.2946
37.40188,299.283
37.40068,299.27105
37.39948,299.26098
37.3961,299.25077
37.39098,299.23853
37.38533,299.22183
37.38023,299.20227
37.377,299.18113
37.37238,299.16047
37.36915,299.14323
37.36768,299.1252
37.36838,299.10847
37.37085,299.09415
37.37332,299.08187
37.37582,299.06905
37.37747,299.05593
37.37827,299.04487
37.37813,299.03265
37.37527,299.01997
37.37205,299.00572
37.36845,298.98905
37.36652,298.97177
37.36658,298.95538
37.36762,298.93888
37.37177,298.9252
37.37525,298.91313
37.37947,298.90323
37.3819,298.89572
37.38087,298.89003
37.37993,298.88557
37.37473,298.87977
37.3683,298.87058
37.36492,298.85773
37.36305,298.8466
37.36242,298.83415
37.36365,298.82737
37.36743,298.8216
37.36857,298.81703
37.36967,298.81238
37.37208,298.80533
37.3738,298.7975
37.37662,298.78987
37.3796,298.78477
37.37948,298.78312
37.3786,298.77972
37.37868,298.7738
37.3776,298.765
37.37727,298.7552
37.3777,298.74562
37.37912,298.73495
37.3818,298.72413
37.38502,298.7148
37.38787,298.7036
37.39377,298.69355
37.40088,298.6851
37.4024,298.67778
37.40253,298.6726
37.40095,298.66598
37.4015,298.65847
37.40183,298.64988
37.4011,298.6402
37.40033,298.62962
37.40098,298.61923
37.40375,298.60792
37.40532,298.59545
37.40487,298.57925
37.4074,298.56237
37.40663,298.54322
37.39965,298.519
37.39377,298.49157
37.38943,298.4623
37.3894,298.43343
37.39142,298.4059
37.39322,298.37785
37.39497,298.3481
37.39673,298.3174
37.39887,298.28575
37.4023,298.25545
37.40495,298.22423
37.40633,298.19257
37.40933,298.16085
37.4133,298.12752
37.41977,298.09522
37.42548,298.06035
37.43202,298.02875
37.4378,297.9974
37.444,297.966
37.44948,297.93323
37.45455,297.9015
37.46125,297.87035
37.4678,297.83908
37.47525,297.80912
37.48517,297.77892
37.49495,297.75137
37.50462,297.72588
37.51263,297.7028
37.52083,297.6805
37.5275,297.65833
37.53525,297.63663
37.53963,297.6155
37.54475,297.58998
37.5521,297.56262
37.56062,297.54702
37.56913,297.5334
37.57842,297.52278
37.58438,297.51878
37.5856,297.51923
37.58282,297.5208
37.57917,297.52033
37.5696,297.51805
37.55637,297.51238
37.54237,297.50195
37.52913,297.48658
37.51565,297.46783
37.50488,297.44388
37.48555,297.41645
37.46562,297.3825
37.44617,297.34513
37.42905,297.30535
37.41788,297.26465
37.412,297.22468
37.41062,297.18815
37.41322,297.15575
37.42027,297.12847
37.4282,297.10985
37.43502,297.09442
37.43873,297.08583
37.43745,297.08253
37.43342,297.0786
37.42498,297.07733
37.41038,297.07632
37.39103,297.07057
37.36753,297.06033
37.34135,297.04495
37.31398,297.02158
37.2888,296.99067
37.26743,296.95495
37.24852,296.9175
37.23288,296.87973
37.22168,296.84157
37.21343,296.80842
37.20457,296.78432
37.19398,296.76683
37.18012,296.7526
37.16288,296.73887
37.14288,296.72568
37.11822,296.71257
37.09017,296.69958
37.05882,296.68727
37.02453,296.67173
36.98988,296.65338
36.9543,296.63197
36.9182,296.60903
36.879,296.58897
36.8382,296.56667
36.79582,296.54313
36.7516,296.51967
36.69992,296.49497
36.64852,296.47225
36.59585,296.45168
36.54433,296.4307
36.49242,296.41563
36.4401,296.40218
36.38742,296.3906
36.33152,296.38333
36.27398,296.37877
36.21617,296.37797
36.15907,296.37695
36.10537,296.3768
36.05518,296.37767
36.00895,296.38132
35.96692,296.38942
35.92948,296.40138
35.89478,296.4163
35.86268,296.43298
35.83355,296.45063
35.80615,296.46773
35.77977,296.48433
35.75617,296.50132
35.7342,296.52187
35.71205,296.54475
35.69255,296.56892
35.67415,296.59702
35.65583,296.62663
35.63885,296.65882
35.6245,296.69138
35.6112,296.72477
35.59927,296.75888
35.58685,296.79323
35.5762,296.83037
35.56495,296.86828
35.55392,296.9061
35.54423,296.94352
35.53672,296.97908
35.53282,297.01497
35.5303,297.0523
35.53243,297.08993
35.53767,297.12992
35.54803,297.16918
35.55853,297.20853
35.56818,297.24797
35.58273,297.29095
35.59853,297.33782
35.61822,297.38417
35.64023,297.43518
35.66167,297.48787
35.68062,297.5431
35.70078,297.59768
35.72068,297.64955
35.74475,297.6998
35.76968,297.74645
35.79578,297.79038
35.82223,297.82652
35.8504,297.85807
35.88087,297.88353
35.91495,297.90785
35.95392,297.92977
35.99557,297.94907
36.03927,297.96815
36.08507,297.98902
36.129,298.00843
36.17108,298.02782
36.21228,298.04833
36.25407,298.06712
36.29472,298.08272
36.33285,298.09822
36.37013,298.11092
36.40457,298.1252
36.4336,298.13885
36.4685,298.14318
36.50547,298.13908
36.53892,298.13782
36.57885,298.13435
36.62228,298.12715
36.66395,298.12233
36.70325,298.1175
36.74288,298.10902
36.78605,298.10152
36.8249,298.10195
36.86042,298.10043
36.89267,298.0977
36.91983,298.0913
36.94447,298.08352
36.96527,298.0775
36.98505,298.06755
37.00183,298.05387
37.0179,298.03792
37.03407,298.01862
37.05367,297.99502
37.07565,297.96832
37.10042,297.94023
37.1263,297.91098
37.15542,297.8824
37.18675,297.85595
37.21753,297.83512
37.24733,297.81908
37.2744,297.80553
37.30072,297.79545
37.3237,297.79097
37.34457,297.79127
37.36102,297.78692
37.37535,297.77943
37.388,297.7732
37.39735,297.76662
37.40778,297.75783
37.4208,297.74562
37.4352,297.7315
37.44747,297.71908
37.46002,297.7049
37.4751,297.68675
37.49353,297.66885
37.51533,297.65265
37.53608,297.63982
37.55912,297.6288
37.58285,297.62287
37.60573,297.62258
37.6279,297.625
37.6483,297.63128
37.66913,297.63938
37.69027,297.64855
37.709,297.66057
37.72562,297.67485
37.74045,297.6892
37.75605,297.70208
37.76837,297.71392
37.77987,297.72127
37.79075,297.72675
37.80362,297.73023
37.81855,297.73403
37.83462,297.73497
37.85262,297.73523
37.86942,297.73837
37.89022,297.74427
37.91383,297.75213
37.93885,297.76128
37.96587,297.77305
37.9902,297.79137
38.01373,297.81238
38.0356,297.83555
38.055,297.85985
38.07075,297.88113
38.08545,297.90078
38.09875,297.92248
38.11173,297.94272
38.12502,297.9626
38.13573,297.97908
38.1469,297.98788
38.15873,297.99515
38.17065,298.00112
38.18327,298.0064
38.19738,298.0132
38.2106,298.0208
38.22478,298.02588
38.23842,298.03078
38.25382,298.03193
38.27015,298.03375
38.28878,298.03673
38.3083,298.03967
38.32783,298.04535
38.3467,298.05393
38.36435,298.06415
38.37832,298.07798
38.38997,298.09202
38.40133,298.10222
38.41433,298.10895
38.42948,298.11348
38.44738,298.11873
38.466,298.12485
38.48607,298.13227
38.50417,298.1431
38.52028,298.15187
38.53727,298.1542
38.555,298.15987
