32.1278,287.86752
32.13465,287.87033
32.13937,287.87217
32.14542,287.87275
32.15192,287.87232
32.15893,287.8722
32.16463,287.87295
32.1698,287.87367
32.17635,287.8726
32.18277,287.87187
32.1902,287.87198
32.19633,287.87257
32.20262,287.87117
32.21165,287.86997
32.2227,287.86802
32.2344,287.86737
32.24462,287.86582
32.25312,287.86703
32.25905,287.8696
32.26058,287.87275
32.26157,287.8759
32.26325,287.87753
32.26353,287.87815
32.2634,287.87792
32.26132,287.87683
32.25912,287.87332
32.25707,287.86887
32.25533,287.8627
32.2548,287.85555
32.25627,287.84802
32.26033,287.84105
32.26498,287.83623
32.26957,287.83307
32.27395,287.83027
32.27868,287.8268
32.28572,287.82362
32.2941,287.82318
32.30157,287.82678
32.30828,287.83445
32.31393,287.84243
32.31988,287.8515
32.32478,287.8608
32.32762,287.87222
32.33002,287.88463
32.33062,287.89775
32.3306,287.90697
32.3302,287.91483
32.32998,287.92107
32.3287,287.9266
32.32813,287.92848
32.32792,287.92853
32.32835,287.92847
32.33072,287.92615
32.33302,287.92358
32.33625,287.91992
32.34203,287.91715
32.35155,287.91495
32.36247,287.91308
32.37318,287.91333
32.38257,287.91577
32.39005,287.92007
32.39522,287.92413
32.3993,287.92745
32.40143,287.9286
32.40445,287.92767
32.40843,287.92398
32.41477,287.91975
32.42197,287.91573
32.42917,287.91108
32.43567,287.90782
32.4405,287.90358
32.44355,287.89758
32.44725,287.89227
32.44945,287.88898
32.4506,287.88403
32.45207,287.87782
32.4551,287.86863
32.45892,287.85923
32.46487,287.85077
32.47105,287.84165
32.47662,287.83422
32.4814,287.8257
32.48427,287.81855
32.48715,287.81077
32.4882,287.80308
32.48865,287.79452
32.48943,287.78595
32.49142,287.77493
32.49562,287.76258
32.50063,287.74973
32.50348,287.7386
32.5066,287.72637
32.50955,287.71185
32.51378,287.69637
32.51732,287.68248
32.52155,287.66818
32.52772,287.65567
32.53652,287.64197
32.54633,287.62853
32.55635,287.62113
32.56473,287.61763
32.57217,287.61427
32.5772,287.61152
32.58023,287.6072
32.58287,287.6022
32.5838,287.59615
32.5832,287.58898
32.58213,287.5823
32.58022,287.57458
32.57727,287.56433
32.57502,287.55455
32.57342,287.54605
32.57353,287.53705
32.57483,287.52847
32.57775,287.52087
32.57977,287.51243
32.58287,287.50177
32.58623,287.49248
32.58868,287.4849
32.59195,287.4757
32.5973,287.4656
32.60355,287.45628
32.61265,287.44715
32.62355,287.43805
32.63517,287.43243
32.64548,287.43012
32.65532,287.43178
32.66345,287.43643
32.66858,287.44248
32.67237,287.44843
32.67635,287.4531
32.67863,287.45748
32.68,287.4575
32.68017,287.45542
32.68073,287.45265
32.68245,287.4494
32.68508,287.4463
32.6867,287.44267
32.69087,287.43683
32.69763,287.43132
32.70465,287.42777
32.70905,287.42662
32.71478,287.42565
32.71898,287.42608
32.72252,287.42548
32.72582,287.42527
32.73093,287.42348
32.73697,287.42228
32.74405,287.42243
32.75152,287.42173
32.7574,287.4224
32.7629,287.42503
32.76787,287.4254
32.77373,287.42472
32.78117,287.42325
32.78922,287.42395
32.79572,287.42567
32.80273,287.4293
32.81093,287.4309
32.81885,287.43305
32.82577,287.4378
32.83213,287.44133
32.83973,287.443
32.84872,287.44383
32.85898,287.4438
32.86808,287.44445
32.87727,287.44532
32.88957,287.44417
32.90283,287.44393
32.91642,287.4459
32.93152,287.44723
32.94683,287.45042
32.96257,287.45353
32.97917,287.45612
32.99582,287.45827
33.01418,287.46588
33.03197,287.475
33.04907,287.48548
33.06612,287.49575
33.0834,287.50743
33.10012,287.52025
33.11482,287.53523
33.12972,287.54717
33.14493,287.55665
33.16188,287.56298
33.17888,287.56877
33.1972,287.5767
33.21665,287.58517
33.23728,287.59387
33.25895,287.60353
33.28115,287.61385
33.303,287.62778
33.32312,287.64505
33.3427,287.66435
33.3613,287.68487
33.3796,287.70388
33.39545,287.72242
33.41305,287.73872
33.43222,287.75392
33.4526,287.76993
33.47432,287.78673
33.49678,287.80692
33.51753,287.82948
33.53812,287.85327
33.55827,287.87932
33.5747,287.90658
33.58935,287.93318
33.60497,287.95897
33.61968,287.98602
33.633,288.01337
33.6465,288.03737
33.66085,288.06062
33.67478,288.0847
33.69043,288.10947
33.70602,288.13355
33.71945,288.15773
33.73058,288.181
33.74025,288.2045
33.74927,288.22843
33.75725,288.25275
33.76372,288.27513
33.76997,288.2969
33.77587,288.31588
33.78428,288.33238
33.79195,288.34918
33.79852,288.36595
33.80485,288.38182
33.81078,288.39832
33.81663,288.41395
33.82183,288.42977
33.82785,288.446
33.83502,288.46337
33.84237,288.48042
33.84813,288.4973
33.85292,288.51628
33.85635,288.5346
33.85893,288.55048
33.86138,288.56388
33.86397,288.57663
33.86533,288.5911
33.86498,288.60492
33.8631,288.61687
33.8611,288.62562
33.85755,288.63403
33.85383,288.63852
33.85168,288.64408
33.85075,288.65192
33.85018,288.66158
33.85093,288.66822
33.85145,288.67773
33.8499,288.68408
33.84843,288.68985
33.84737,288.69497
33.84492,288.70265
33.84182,288.71098
33.83847,288.71942
33.83457,288.72667
33.8302,288.73335
33.8256,288.74062
33.81943,288.74728
33.81227,288.75325
33.80535,288.7584
33.79878,288.76307
33.79072,288.76705
33.78215,288.76985
33.7751,288.77057
33.76848,288.77068
33.76132,288.77057
33.75362,288.76838
33.74718,288.76587
33.74168,288.76348
33.73815,288.76018
33.7368,288.75727
33.73533,288.75627
33.73488,288.7579
33.73355,288.76413
33.72952,288.77185
33.72298,288.77993
33.71452,288.7867
33.70557,288.7911
33.69592,288.79473
33.68705,288.79537
33.67763,288.79492
33.6681,288.79328
33.66142,288.79093
33.65475,288.78942
33.64838,288.785
33.64273,288.78275
33.63702,288.7786
33.63213,288.77485
33.62818,288.76978
33.6243,288.76523
33.62022,288.76168
33.61598,288.75842
33.61577,288.75113
33.61848,288.74437
33.62462,288.73938
33.63035,288.73998
33.63417,288.73968
33.63778,288.74297
33.64115,288.7446
33.64392,288.74493
33.64568,288.74448
33.64608,288.74558
33.64443,288.74885
33.64222,288.75268
33.63868,288.75552
33.63443,288.75958
33.63068,288.76345
33.62523,288.76555
33.61953,288.76387
33.61467,288.75975
33.61163,288.75402
33.60945,288.74587
33.6108,288.73548
33.61487,288.72617
33.62202,288.71798
33.63163,288.71295
33.64242,288.71138
33.65425,288.71293
33.66778,288.71665
33.68032,288.72475
33.69268,288.73447
33.70343,288.7478
33.71268,288.76327
33.71983,288.78008
33.72423,288.79828
33.72852,288.81675
33.7315,288.8358
33.73195,288.85525
33.72967,288.87395
33.7242,288.8905
33.71837,288.90513
33.71152,288.91762
33.70262,288.92807
33.69185,288.93537
33.67932,288.93735
33.66827,288.93572
33.65983,288.93107
33.65348,288.92523
33.6495,288.91837
33.64662,288.91118
33.64425,288.90525
33.64437,288.90223
33.6458,288.90258
33.64752,288.9059
33.64873,288.91062
33.64827,288.91548
33.64672,288.92058
33.64352,288.92722
33.63747,288.9335
33.63,288.93783
33.62272,288.94153
33.61448,288.94437
33.60163,288.94755
33.58643,288.94792
33.57027,288.94655
33.5543,288.944
33.53878,288.93755
33.52355,288.92748
33.50942,288.91565
33.49625,288.9012
33.48552,288.88413
33.47925,288.86673
33.47607,288.8489
33.47658,288.83337
33.47958,288.8189
33.4832,288.8076
33.48752,288.79923
33.4927,288.7946
33.49673,288.79378
33.49808,288.79487
33.4985,288.7972
33.49753,288.80002
33.4941,288.80267
33.49062,288.80465
33.48867,288.80585
33.48763,288.80733
33.48582,288.80895
33.48215,288.81148
33.47752,288.81397
33.47345,288.81852
33.4702,288.8241
33.46617,288.83037
33.46167,288.83653
33.45493,288.84218
33.44743,288.84695
33.43922,288.85098
33.43095,288.85535
33.4227,288.8594
33.41435,288.86272
33.40392,288.86613
33.39248,288.8672
33.38165,288.86602
33.37222,288.86342
33.36302,288.85818
33.35583,288.85003
33.35063,288.83927
33.34823,288.8273
33.3481,288.81547
33.34962,288.80333
33.35532,288.79217
33.36423,288.78275
33.37402,288.7791
33.38503,288.78027
33.39767,288.7863
33.40985,288.80115
33.41948,288.82023
33.42418,288.84078
33.42233,288.86255
33.41507,288.88425
33.4028,288.9031
33.38755,288.91985
33.3711,288.93327
33.35377,288.94405
33.33347,288.95223
33.30742,288.95487
33.28543,288.94968
33.26643,288.93868
33.25252,288.9224
33.24212,288.90397
33.23635,288.88482
33.2339,288.86507
33.23448,288.84747
33.23908,288.83157
33.24765,288.81883
33.25763,288.81135
33.26848,288.81007
33.2775,288.81353
33.28365,288.82105
33.28577,288.83177
33.28412,288.84282
33.27815,288.85493
33.26768,288.86473
33.25613,288.87002
33.24218,288.8714
33.2297,288.86782
33.2234,288.85993
33.22332,288.8507
33.2233,288.8428
33.22365,288.83872
33.22407,288.83622
33.22283,288.83673
33.23023,288.83655
33.23685,288.83812
33.23983,288.84275
33.24223,288.84702
33.24313,288.8535
33.24202,288.86023
33.2395,288.86923
33.23608,288.87855
33.22983,288.88735
33.22128,288.89622
33.21163,288.90668
33.20187,288.91435
33.18828,288.91907
33.17402,288.92143
33.16035,288.92072
33.1479,288.91568
33.13782,288.90988
33.13032,288.90265
33.12362,288.89403
33.1183,288.88435
33.11495,288.87463
33.1136,288.8667
33.11307,288.8623
33.11113,288.859
33.1094,288.85343
33.10733,288.8497
33.1063,288.8467
33.10483,288.8434
33.1036,288.83768
33.10215,288.82995
33.1038,288.82275
33.10852,288.81597
33.11443,288.81192
33.12035,288.81055
33.12278,288.81067
33.12258,288.80958
33.12132,288.80805
33.12003,288.80697
33.11955,288.80435
33.11883,288.80048
33.11772,288.79525
33.11713,288.78852
33.118,288.78072
33.121,288.77492
33.1255,288.76952
33.12988,288.7675
33.13487,288.76938
33.13983,288.77418
33.14393,288.78055
33.14777,288.78897
33.1497,288.79838
33.15072,288.80992
33.15118,288.8234
33.14983,288.83775
33.14748,288.85223
33.14363,288.86647
33.13857,288.87978
33.13408,288.89352
33.12948,288.90577
33.12448,288.91718
33.12047,288.92715
33.1185,288.93492
33.11907,288.93942
33.12197,288.94135
33.12598,288.9451
33.13322,288.95123
33.14058,288.95917
33.14728,288.96925
33.15288,288.97883
33.15747,288.99227
33.16047,289.00753
33.16142,289.02252
33.16065,289.03667
33.15925,289.05297
33.15475,289.06698
33.15077,289.07913
33.14783,289.08922
33.14397,289.09622
33.14197,289.10408
33.1413,289.11058
33.14135,289.11648
33.14318,289.12297
33.14623,289.1311
33.15002,289.13958
33.15345,289.14822
33.15625,289.15683
33.15957,289.164
33.1652,289.17123
33.17397,289.1799
33.18263,289.18887
33.19155,289.19872
33.19885,289.2111
33.20523,289.22467
33.21177,289.23907
33.21722,289.25635
33.22107,289.27502
33.22372,289.29235
33.22647,289.309
33.2278,289.32338
33.23103,289.33533
33.23495,289.3481
33.24067,289.35927
33.24747,289.36972
33.25542,289.3786
33.26623,289.3888
33.2782,289.40138
33.28998,289.41807
33.30293,289.43493
33.3162,289.45417
33.33013,289.47787
