25.45098,299.71415
25.4394,299.7076
25.42983,299.70067
25.42162,299.69398
25.41452,299.68692
25.40867,299.68055
25.40418,299.67568
25.39785,299.67135
25.38943,299.66685
25.38052,299.66078
25.37128,299.65333
25.3637,299.64528
25.3573,299.63753
25.35288,299.62955
25.34985,299.6207
25.34772,299.61395
25.346,299.6074
25.34452,299.60088
25.34263,299.5942
25.34093,299.58828
25.33907,299.58358
25.3365,299.57993
25.33305,299.57685
25.32815,299.57213
25.32243,299.5666
25.31605,299.55988
25.3094,299.55147
25.30447,299.54348
25.29883,299.5348
25.29303,299.52568
25.28907,299.51495
25.28592,299.50628
25.28165,299.49745
25.27678,299.48757
25.2727,299.47567
25.26973,299.46387
25.26712,299.45237
25.26427,299.43928
25.2636,299.42498
25.26477,299.41065
25.26602,299.395
25.26853,299.37943
25.27298,299.36513
25.2793,299.35248
25.28575,299.342
25.29197,299.33238
25.29783,299.32442
25.30253,299.31755
25.30827,299.31122
25.31262,299.30482
25.31625,299.29823
25.3186,299.29092
25.3181,299.28145
25.31832,299.27203
25.3176,299.26192
25.31782,299.25228
25.31778,299.24183
25.31872,299.22945
25.32158,299.21597
25.32657,299.20277
25.3323,299.18813
25.34057,299.17443
25.35065,299.1608
25.36173,299.14765
25.37193,299.1325
25.38332,299.11718
25.39578,299.10185
25.40955,299.0863
25.42445,299.07108
25.43958,299.05937
25.45435,299.04838
25.47077,299.04027
25.4865,299.03277
25.50195,299.02558
25.517,299.01918
25.53073,299.01313
25.54415,299.0068
25.55655,299.00078
25.56662,298.99578
25.57418,298.98963
25.57975,298.98195
25.58633,298.97245
25.59342,298.9598
25.60205,298.94472
25.61318,298.92807
25.6263,298.9094
25.64205,298.89135
25.66037,298.8721
25.68173,298.8549
25.70367,298.8401
25.72462,298.82772
25.74342,298.81567
25.75892,298.80432
25.77375,298.79323
25.78783,298.78083
25.7987,298.76685
25.80748,298.74963
25.8154,298.72983
25.82227,298.70872
25.82807,298.6874
25.83505,298.66552
25.84268,298.64345
25.84925,298.62165
25.85472,298.59982
25.85877,298.57897
25.86068,298.55828
25.86055,298.53753
25.86047,298.51645
25.86038,298.49617
25.85923,298.47703
25.85742,298.45717
25.85533,298.43628
25.8538,298.4131
25.85392,298.39053
25.85438,298.36673
25.85613,298.34358
25.85878,298.32115
25.86147,298.29983
25.86385,298.28048
25.86558,298.26213
25.86657,298.2441
25.86682,298.22572
25.8677,298.2077
25.86865,298.18943
25.86963,298.17048
25.86993,298.15127
25.87102,298.13097
25.87213,298.10827
25.87562,298.08557
25.88047,298.06402
25.88535,298.03997
25.89212,298.01828
25.89885,297.99737
25.90505,297.9755
25.91358,297.9556
25.92198,297.93422
25.9296,297.91122
25.93642,297.88637
25.94515,297.86087
25.95517,297.83593
25.96627,297.81048
25.97785,297.7852
25.99053,297.76213
26.00288,297.74087
26.01292,297.7202
26.02287,297.70013
26.03255,297.67972
26.04135,297.6579
26.0501,297.63417
26.05823,297.61213
26.06537,297.59067
26.07527,297.56903
26.08437,297.54915
26.09457,297.52982
26.10658,297.51143
26.11672,297.49388
26.12767,297.47598
26.13892,297.45903
26.15003,297.44083
26.1597,297.42432
26.169,297.4069
26.17772,297.38798
26.18682,297.3692
26.19553,297.3512
26.20537,297.33385
26.2151,297.31855
26.22642,297.30447
26.23663,297.29052
26.24538,297.277
26.25282,297.26557
26.25937,297.25328
26.26527,297.24102
26.27162,297.2282
26.27825,297.21485
26.2857,297.201
26.29198,297.18863
26.29788,297.17887
26.30372,297.16963
26.30843,297.16113
26.31123,297.15207
26.31172,297.14242
26.3118,297.13077
26.31328,297.11772
26.31695,297.10413
26.3217,297.09008
26.32652,297.07525
26.33135,297.05943
26.33715,297.04405
26.3443,297.02863
26.35237,297.01388
26.36142,297.00015
26.37002,296.98783
26.3775,296.97588
26.38358,296.96607
26.389,296.95662
26.3949,296.94778
26.39958,296.93955
26.40395,296.93145
26.40792,296.92122
26.41222,296.90973
26.4159,296.89878
26.41977,296.8874
26.42325,296.8763
26.42567,296.86572
26.42782,296.8553
26.4305,296.8454
26.43265,296.8354
26.43557,296.8258
26.43885,296.81627
26.44112,296.80553
26.44357,296.7941
26.44583,296.78332
26.44767,296.77352
26.4483,296.76367
26.44957,296.75352
26.45065,296.74377
26.4519,296.7354
26.45342,296.72712
26.45397,296.71778
26.45457,296.70752
26.45565,296.6964
26.4573,296.68613
26.45997,296.6758
26.46282,296.66507
26.46602,296.6553
26.46775,296.64525
26.46978,296.63837
26.47233,296.63212
26.47513,296.6259
26.47737,296.62122
26.4789,296.61787
26.48055,296.61413
26.48257,296.61127
26.48223,296.6072
26.4812,296.60163
26.47965,296.59382
26.4793,296.58425
26.47973,296.57497
26.48162,296.56842
26.48303,296.56262
26.48298,296.5567
26.48148,296.55042
26.47862,296.5438
26.47525,296.53587
26.47195,296.52655
26.46985,296.51815
26.46985,296.51035
26.4711,296.50342
26.4715,296.49627
26.47315,296.48948
26.4751,296.483
26.47613,296.475
26.47528,296.46915
26.47533,296.46092
26.47692,296.45295
26.4775,296.4454
26.47875,296.43753
26.48045,296.43183
26.48118,296.42508
26.48058,296.41663
26.48055,296.40868
26.48123,296.401
26.4825,296.39405
26.48267,296.38803
26.48153,296.38215
26.4799,296.37593
26.47793,296.37015
26.47623,296.366
26.47352,296.3628
26.47083,296.35912
26.4684,296.35312
26.4655,296.34518
26.46215,296.33655
26.45958,296.32625
26.45768,296.31607
26.45802,296.30407
26.45948,296.29157
26.46227,296.27967
26.4662,296.26918
26.47213,296.26048
26.47907,296.25272
26.48668,296.24627
26.4936,296.24018
26.502,296.23358
26.51205,296.22663
26.52215,296.2198
26.53168,296.21378
26.54098,296.20862
26.5491,296.20618
26.55627,296.20395
26.56197,296.20205
26.5668,296.2009
26.56982,296.19995
26.57088,296.19803
26.57217,296.1968
26.57277,296.19452
26.57357,296.19108
26.57363,296.1857
26.57405,296.17915
26.57403,296.17192
26.57468,296.16228
26.57783,296.15337
26.58257,296.14307
26.58922,296.13247
26.59762,296.12348
26.60722,296.11457
26.6189,296.10637
26.63105,296.10067
26.6434,296.09637
26.65445,296.09208
26.66505,296.08938
26.67485,296.08802
26.68357,296.08768
26.69013,296.08862
26.69488,296.09013
26.69938,296.09208
26.70398,296.09258
26.70785,296.09362
26.711,296.0942
26.71487,296.09338
26.7179,296.09275
26.72053,296.0909
26.72333,296.08868
26.72673,296.08515
26.73103,296.081
26.73723,296.0784
26.74433,296.07742
26.75235,296.07743
26.7615,296.07928
26.76992,296.0823
26.77832,296.08715
26.78525,296.09272
26.79138,296.0978
26.79733,296.10113
26.8021,296.10283
26.80562,296.10522
26.80815,296.1059
26.80975,296.10608
26.81347,296.10418
26.81945,296.10183
26.82563,296.10037
26.83385,296.09937
26.84243,296.09943
26.85192,296.10158
26.8612,296.10457
26.86943,296.10957
26.87558,296.11528
26.88002,296.12157
26.88443,296.1272
26.88833,296.13343
26.89105,296.1398
26.8938,296.14575
26.89663,296.15078
26.89925,296.15417
26.90145,296.15555
26.9047,296.1559
26.90822,296.15512
26.91297,296.15315
26.91772,296.15088
26.92398,296.14805
26.93037,296.1457
26.93632,296.1413
26.9435,296.13618
26.95097,296.13078
26.95995,296.1255
26.96995,296.12118
26.97997,296.1183
26.99112,296.11675
27.0034,296.11593
27.01585,296.11692
27.02848,296.1183
27.03867,296.11942
27.04858,296.12037
27.05933,296.12112
27.06917,296.12053
27.07817,296.12073
27.08637,296.12123
27.09377,296.12092
27.09993,296.11792
27.10625,296.11275
27.11457,296.1073
27.12395,296.10098
27.13465,296.09325
27.1444,296.0831
27.15643,296.07158
27.16895,296.06028
27.18272,296.04722
27.1974,296.0339
27.21232,296.02155
27.22817,296.01075
27.24432,296.00192
27.26153,295.99452
27.27835,295.98865
27.29485,295.9838
27.31018,295.97877
27.32513,295.97312
27.3388,295.96717
27.35152,295.96163
27.36468,295.95512
27.37783,295.94698
27.3905,295.9401
27.40395,295.93168
27.41825,295.92127
27.43322,295.91173
27.4477,295.90173
27.46197,295.892
27.4768,295.88367
27.4907,295.87548
27.5036,295.86785
27.51707,295.85917
27.52965,295.84928
27.54153,295.83875
27.55395,295.82927
27.56607,295.82075
27.57798,295.81168
27.5906,295.80273
27.60297,295.79372
27.61548,295.78505
27.62863,295.77752
27.64193,295.77053
27.6541,295.76385
27.66688,295.75717
27.68008,295.75048
27.69452,295.74423
27.70898,295.7389
27.72387,295.73355
27.73828,295.72887
27.75243,295.72262
27.76615,295.71788
27.77958,295.71238
27.79342,295.70768
27.8079,295.70358
27.82242,295.70072
27.83603,295.69795
27.84815,295.69553
27.85983,295.69327
27.87252,295.68765
27.88543,295.6812
27.89863,295.67403
27.9105,295.66733
27.92265,295.6593
27.93635,295.65275
27.94958,295.64627
27.9636,295.64072
27.97795,295.63653
27.99232,295.63228
28.00778,295.62713
28.02432,295.62253
28.0418,295.61902
28.05845,295.6166
28.07645,295.6157
28.09512,295.6155
28.11237,295.61752
28.12762,295.62025
28.13997,295.62412
28.15098,295.62937
28.16218,295.6348
28.17163,295.64087
28.18128,295.64528
28.19053,295.64722
28.1993,295.6498
28.2087,295.65203
28.21717,295.65258
28.22628,295.65208
28.23393,295.65208
28.24107,295.65147
28.24898,295.65013
28.25742,295.64838
28.2663,295.64643
28.27395,295.64502
28.2825,295.6437
28.29273,295.64225
28.30123,295.64275
28.31068,295.64358
28.3215,295.64825
28.33343,295.6541
28.34323,295.65962
28.35057,295.66548
28.35872,295.66847
28.36942,295.67163
28.37893,295.67442
28.3889,295.67738
28.3988,295.68135
28.40793,295.68675
28.41703,295.69358
28.42523,295.70097
28.43258,295.70907
28.43843,295.71605
28.44078,295.72262
28.43712,295.7315
28.4354,295.73915
28.43387,295.7478
28.43325,295.75532
28.43452,295.76057
28.43695,295.76493
28.44088,295.76847
28.44662,295.77225
28.45317,295.77583
28.45778,295.77975
28.46143,295.78407
28.46645,295.78875
28.4715,295.7957
28.47675,295.8016
28.48023,295.80868
28.48313,295.81633
28.48478,295.82363
28.4865,295.82972
28.48842,295.83458
28.49243,295.84168
28.49778,295.84992
28.50387,295.85868
28.51047,295.86945
28.51143,295.88023
28.51143,295.88967
28.51233,295.89843
28.51302,295.9079
28.51323,295.9164
28.51512,295.92333
28.51882,295.9291
28.52378,295.93665
28.52733,295.94445
28.5318,295.95363
28.53643,295.96252
28.53992,295.97227
28.54202,295.98162
28.5437,295.99027
28.5453,295.99837
28.54577,296.00538
28.54567,296.01022
28.5464,296.01518
28.54877,296.0189
28.55163,296.0219
28.5555,296.02708
28.55932,296.03168
28.56325,296.03717
28.56707,296.0429
28.57038,296.04908
28.57252,296.05648
28.57347,296.06218
28.57442,296.06727
28.57615,296.07232
28.5791,296.07783
28.58267,296.08278
28.58703,296.08883
28.59383,296.09558
28.60075,296.10257
28.60798,296.11095
28.61433,296.11988
28.61997,296.12885
28.62332,296.13875
28.62408,296.14823
28.624,296.1557
