30.08607,284.66853
30.08362,284.6633
30.08442,284.65647
30.08917,284.64898
30.09735,284.64182
30.10942,284.63447
30.12405,284.62807
30.14135,284.6255
30.16078,284.62693
30.18097,284.63168
30.20175,284.64055
30.22132,284.6534
30.23823,284.66853
30.25113,284.68528
30.2606,284.70088
30.26832,284.71422
30.27575,284.7265
30.28255,284.7384
30.28728,284.74968
30.29112,284.75927
30.29333,284.76893
30.29465,284.77665
30.2952,284.78095
30.2961,284.78177
30.2977,284.77978
30.3012,284.77352
30.3068,284.76547
30.31428,284.75778
30.32345,284.74992
30.33305,284.7427
30.34392,284.73598
30.34958,284.72918
30.35393,284.7249
30.36138,284.72273
30.37167,284.71753
30.38613,284.71485
30.40053,284.7164
30.41385,284.71805
30.42648,284.7195
30.43878,284.72232
30.4505,284.72787
30.4598,284.73667
30.46618,284.74762
30.46853,284.75897
30.46648,284.76843
30.46152,284.77445
30.45512,284.77487
30.4491,284.76845
30.44483,284.75775
30.44485,284.74293
30.44843,284.72522
30.45467,284.70658
30.46345,284.68898
30.47545,284.67422
30.48888,284.6629
30.50395,284.65123
30.5198,284.64345
30.53518,284.63672
30.54965,284.63327
30.56182,284.63122
30.57312,284.63007
30.58443,284.6305
30.59427,284.6328
30.60228,284.63233
30.60917,284.63077
30.61452,284.62782
30.61833,284.62298
30.622,284.61715
30.62807,284.61178
30.63498,284.60527
30.64065,284.59783
30.64523,284.58748
30.65048,284.57433
30.6579,284.55918
30.66773,284.54368
30.67855,284.52902
30.69013,284.51563
30.70337,284.50313
30.71705,284.49148
30.73105,284.48225
30.74433,284.47612
30.75653,284.47208
30.76737,284.47038
30.77713,284.47035
30.78548,284.47115
30.79252,284.47295
30.7979,284.4739
30.80097,284.47343
30.80177,284.4707
30.80207,284.4646
30.80213,284.45697
30.80398,284.44653
30.80887,284.43708
30.81608,284.42745
30.82358,284.41967
30.83173,284.41193
30.84142,284.40482
30.8513,284.39833
30.86077,284.39178
30.87127,284.38502
30.88297,284.37963
30.89318,284.3756
30.90295,284.37373
30.91147,284.3712
30.91918,284.36932
30.9259,284.36755
30.93225,284.36623
30.9385,284.36427
30.94598,284.36335
30.95347,284.36272
30.96017,284.36275
30.9663,284.3628
30.97133,284.36452
30.97573,284.36495
30.97957,284.36407
30.98323,284.36148
30.98673,284.3569
30.99072,284.35007
30.99512,284.3435
31.00045,284.33613
31.00657,284.32738
31.01447,284.31935
31.02502,284.3103
31.0384,284.30275
31.05297,284.29785
31.06788,284.29617
31.08205,284.2971
31.09537,284.30177
31.10642,284.30547
31.11593,284.30867
31.12515,284.31343
31.13388,284.3198
31.14073,284.32625
31.14742,284.33212
31.15402,284.33855
31.16045,284.34353
31.1657,284.34718
31.16958,284.34898
31.173,284.34912
31.17755,284.34805
31.18262,284.34592
31.18768,284.34365
31.1939,284.33968
31.20108,284.33703
31.20812,284.33507
31.21522,284.33342
31.22303,284.33187
31.23182,284.32862
31.24233,284.32708
31.25262,284.32562
31.2619,284.32433
31.27098,284.32308
31.28167,284.32287
31.29288,284.3268
31.30268,284.33142
31.31098,284.336
31.31815,284.34268
31.32293,284.34785
31.3262,284.35113
31.33015,284.35292
31.33453,284.35267
31.3414,284.349
31.34903,284.34465
31.3568,284.34193
31.36482,284.33772
31.37245,284.33575
31.37877,284.33272
31.38625,284.3293
31.39447,284.32675
31.40388,284.32378
31.41433,284.31987
31.42558,284.31403
31.43628,284.30653
31.44932,284.29955
31.46283,284.29278
31.47693,284.28787
31.49197,284.28722
31.50535,284.292
31.51613,284.30043
31.5235,284.31028
31.52837,284.31957
31.53123,284.32875
31.53097,284.33515
31.5295,284.33872
31.52782,284.33995
31.5263,284.34075
31.5244,284.3379
31.52368,284.33345
31.52502,284.32505
31.52692,284.31578
31.53003,284.30643
31.5342,284.2974
31.54015,284.28712
31.54808,284.27668
31.55742,284.26825
31.56842,284.26113
31.58055,284.25498
31.59392,284.2518
31.60632,284.25072
31.61933,284.25113
31.63235,284.25475
31.64182,284.2614
31.64882,284.2705
31.65318,284.28115
31.65593,284.29157
31.65587,284.29975
31.65363,284.30428
31.6524,284.30477
31.65357,284.30388
31.65738,284.3047
31.66302,284.30473
31.66983,284.30367
31.67765,284.30162
31.6864,284.29948
31.69548,284.29728
31.70405,284.29367
31.71372,284.2894
31.7228,284.28637
31.73133,284.2819
31.74098,284.27635
31.75123,284.27142
31.7628,284.26705
31.77457,284.26497
31.7858,284.2636
31.79677,284.26155
31.8073,284.26068
31.816,284.26083
31.82438,284.26143
31.83078,284.26193
31.83588,284.26215
31.84037,284.26103
31.84473,284.25922
31.848,284.25327
31.85008,284.24562
31.84888,284.23798
31.85,284.22542
31.85432,284.21225
31.86022,284.19897
31.86705,284.1844
31.87503,284.17072
31.88402,284.15913
31.8949,284.149
31.90723,284.14065
31.91992,284.13433
31.9318,284.12863
31.94373,284.12328
31.95553,284.11827
31.96682,284.11545
31.97802,284.11448
31.9893,284.11577
31.99843,284.11622
32.00637,284.11553
32.01277,284.11392
32.01948,284.11195
32.02623,284.11025
32.03147,284.11033
32.03583,284.11205
32.03925,284.11228
32.04183,284.11132
32.04415,284.1076
32.04757,284.1023
32.05422,284.09895
32.05912,284.09813
32.0643,284.09515
32.07063,284.09225
32.07642,284.08912
32.08423,284.08795
32.09233,284.08728
32.10025,284.08618
32.10872,284.08443
32.11997,284.08387
32.13085,284.08477
32.14287,284.08798
32.15408,284.09558
32.16138,284.10498
32.16418,284.1149
32.16383,284.12313
32.16418,284.12845
32.16485,284.13188
32.16732,284.13427
32.1702,284.13652
32.17293,284.13712
32.17608,284.13588
32.18195,284.13503
32.18817,284.1342
32.19373,284.13518
32.19863,284.13733
32.20297,284.13915
32.2073,284.1406
32.21225,284.14145
32.21872,284.14062
32.22665,284.14055
32.23547,284.1415
32.24418,284.14193
32.25418,284.14235
32.26608,284.14438
32.2777,284.14998
32.28947,284.15902
32.29963,284.1687
32.30777,284.17765
32.31428,284.18758
32.3193,284.19848
32.323,284.20897
32.32515,284.21967
32.32675,284.22897
32.32823,284.23658
32.3301,284.24362
32.33262,284.24843
32.33683,284.25013
32.34175,284.25333
32.34672,284.25637
32.35228,284.26022
32.35812,284.26312
32.36448,284.26602
32.37115,284.2684
32.37898,284.27225
32.38872,284.27695
32.39917,284.28307
32.40977,284.29125
32.41992,284.30107
32.4294,284.31213
32.43815,284.3249
32.44438,284.34083
32.44858,284.35722
32.45097,284.37248
32.45248,284.38892
32.45192,284.40342
32.45122,284.41627
32.44932,284.42598
32.4475,284.43308
32.44693,284.43657
32.44737,284.44047
32.44855,284.44183
32.45208,284.4422
32.45612,284.44258
32.46003,284.44315
32.4647,284.44523
32.46855,284.44877
32.47213,284.45338
32.4751,284.45638
32.47968,284.45823
32.4856,284.46252
32.49168,284.46743
32.49857,284.47157
32.50638,284.47733
32.51395,284.48348
32.52172,284.48833
32.52957,284.4932
32.53685,284.49833
32.54483,284.50382
32.55307,284.50973
32.56073,284.5154
32.56792,284.52097
32.57628,284.52668
32.58427,284.5326
32.59283,284.53797
32.60248,284.54207
32.61327,284.54413
32.62572,284.54555
32.63988,284.54575
32.65565,284.54583
32.67198,284.54563
32.69018,284.54298
32.7098,284.53988
32.73147,284.53615
32.7577,284.53482
32.7865,284.53972
32.81523,284.54808
32.84212,284.55948
32.86785,284.56977
32.89138,284.58008
32.91293,284.58853
32.93082,284.59712
32.94568,284.6059
32.95832,284.61717
32.96832,284.62422
32.97607,284.6282
32.98383,284.62772
32.99432,284.62317
33.00758,284.61575
33.02392,284.60763
33.0427,284.60097
33.06368,284.59578
33.08697,284.59143
33.11355,284.58823
33.14135,284.58708
33.17107,284.58918
33.20113,284.59668
33.23055,284.6086
33.25992,284.62418
33.28673,284.64293
33.31222,284.66172
33.3363,284.68143
33.35888,284.70045
33.37965,284.71912
33.39792,284.73882
33.41548,284.75688
33.43122,284.7736
33.44543,284.78962
33.45978,284.80285
33.47493,284.81448
33.4908,284.82518
33.50752,284.83645
33.52602,284.84563
33.5463,284.85492
33.56843,284.86397
33.59132,284.87392
33.6175,284.88408
33.64562,284.8968
33.66662,284.91645
33.68983,284.94
33.7155,284.96587
33.74035,284.99407
33.76282,285.0225
33.78425,285.04817
33.80315,285.0746
33.82025,285.10027
33.83153,285.12417
33.83897,285.14405
33.84335,285.16005
33.84762,285.17338
33.8518,285.1853
33.85465,285.19453
33.85858,285.20065
33.86493,285.2045
33.87323,285.20588
33.88352,285.20522
33.89627,285.20377
33.91188,285.20237
33.9316,285.20093
33.956,285.19982
33.98523,285.20102
34.01767,285.20742
34.04877,285.22137
34.07753,285.23808
34.10418,285.25782
34.12713,285.2812
34.14798,285.3069
34.16633,285.33342
34.17845,285.36263
34.18167,285.39005
34.18615,285.41165
34.1904,285.42938
34.19583,285.44422
34.20278,285.4561
34.21175,285.46403
34.22272,285.4731
34.23432,285.48382
34.24598,285.49518
34.25712,285.50725
34.26915,285.51977
34.28063,285.53475
34.29283,285.55147
34.30517,285.566
34.31958,285.57922
34.33492,285.59513
34.34915,285.61497
34.36128,285.63525
34.3724,285.6546
34.38218,285.67457
34.3902,285.69593
34.39797,285.71788
34.40437,285.73908
34.4091,285.7602
34.4132,285.78085
34.416,285.8007
34.41682,285.81878
34.41892,285.835
34.42248,285.84922
34.4274,285.8649
34.43318,285.88158
34.43867,285.89758
34.44428,285.91625
34.45137,285.93352
34.4577,285.95453
34.46152,285.97713
34.46382,286.00018
34.46463,286.02212
34.46605,286.04347
34.46663,286.06593
34.46583,286.08765
34.46387,286.10883
34.4598,286.12912
34.4554,286.15015
34.44862,286.17332
34.4395,286.19695
34.42887,286.21803
34.41738,286.24285
34.40342,286.26503
34.38827,286.28765
34.37247,286.31163
34.35318,286.33397
34.33412,286.35403
34.31348,286.3733
34.2921,286.39398
34.27043,286.4141
34.24918,286.4325
34.22918,286.44613
34.21077,286.45907
34.19358,286.47113
34.17613,286.48297
34.1591,286.49457
34.1429,286.50922
34.12582,286.52363
34.10723,286.53723
34.08837,286.54905
34.06937,286.55802
34.0501,286.56523
34.0315,286.57235
34.0113,286.57922
33.99332,286.58227
33.97478,286.58507
33.95675,286.58747
33.93783,286.59062
33.91825,286.59247
33.89903,286.59252
33.88013,286.59047
33.86397,286.58532
33.84978,286.57982
33.83715,286.5749
33.82587,286.56933
33.81463,286.56615
33.80507,286.56483
33.79665,286.5645
33.7865,286.56388
33.77473,286.5639
33.76438,286.56028
33.75328,286.55643
33.74513,286.55207
33.7371,286.54652
33.72875,286.54292
33.72003,286.53953
33.7115,286.53877
33.70167,286.53788
33.69118,286.53485
33.67932,286.53062
33.66488,286.53083
33.65543,286.52728
33.64942,286.52218
33.64452,286.5178
33.64107,286.51538
33.6384,286.51373
33.63987,286.51567
33.64008,286.52272
33.63937,286.53743
33.6363,286.55347
33.63318,286.56965
33.6279,286.58507
33.62175,286.5995
33.61448,286.6132
33.60577,286.62228
33.59782,286.62778
