39.32322,309.17353
39.32983,309.15153
39.33725,309.13077
39.34445,309.1127
39.35118,309.09702
39.35803,309.08222
39.36555,309.06782
39.37452,309.0552
39.38315,309.0457
39.3923,309.03897
39.4015,309.03583
39.40937,309.03562
39.41575,309.03827
39.42032,309.04177
39.4208,309.04723
39.41817,309.05263
39.41415,309.05387
39.40845,309.05413
39.40373,309.0505
39.39965,309.04198
39.39722,309.03017
39.39802,309.01527
39.40133,308.99942
39.40733,308.98388
39.41518,308.96955
39.42382,308.95797
39.43335,308.94843
39.44175,308.94315
39.44832,308.94243
39.45325,308.94542
39.45872,308.94887
39.46205,308.95295
39.46278,308.95685
39.46243,308.9593
39.46042,308.95977
39.45568,308.95832
39.45227,308.95392
39.44855,308.94803
39.44542,308.93997
39.4428,308.93002
39.4388,308.92033
39.43478,308.90925
39.43282,308.89712
39.43272,308.88443
39.43513,308.87148
39.43938,308.85998
39.44373,308.84977
39.44872,308.84035
39.4541,308.83267
39.45848,308.82545
39.46373,308.81805
39.46903,308.81172
39.47415,308.80682
39.47877,308.80293
39.48183,308.7992
39.4834,308.79603
39.48303,308.78983
39.48262,308.78075
39.48437,308.7677
39.4876,308.75172
39.49037,308.73667
39.49643,308.72335
39.50353,308.71335
39.50892,308.70657
39.51382,308.7026
39.51715,308.70073
39.52232,308.69925
39.52662,308.70132
39.52953,308.70508
39.53223,308.70813
39.53403,308.71115
39.53445,308.71508
39.52872,308.71935
39.52182,308.71833
39.51705,308.71168
39.51665,308.70043
39.5173,308.68735
39.51947,308.6756
39.52413,308.66675
39.53013,308.66095
39.53687,308.6586
39.54313,308.65835
39.54885,308.65988
39.55155,308.6638
39.55195,308.66877
39.5504,308.67298
39.54747,308.67537
39.54518,308.676
39.54242,308.67562
39.5372,308.67503
39.53018,308.66988
39.52183,308.6622
39.51333,308.64983
39.50122,308.63168
39.49113,308.60857
39.48292,308.58107
39.4772,308.55142
39.47483,308.52237
39.47445,308.49438
39.47515,308.46588
39.47772,308.43828
39.48337,308.4127
39.4882,308.39163
39.49033,308.37457
39.49038,308.36008
39.48828,308.34632
39.4839,308.33088
39.47842,308.31398
39.47525,308.29443
39.47267,308.27317
39.46787,308.24922
39.46148,308.22038
39.45512,308.18868
39.4483,308.15485
39.43947,308.12142
39.43375,308.08497
39.43093,308.0474
39.42997,308.01168
39.4286,307.97905
39.42803,307.94668
39.42665,307.91568
39.42412,307.88742
39.42247,307.8596
39.42138,307.83192
39.4225,307.80442
39.42505,307.77882
39.42488,307.75835
39.4174,307.74423
39.40835,307.72878
39.39703,307.71277
39.38453,307.6959
39.37112,307.67668
39.35928,307.65587
39.34633,307.63532
39.333,307.61608
39.31768,307.59907
39.30352,307.5788
39.28953,307.55885
39.27398,307.54012
39.25745,307.51883
39.23978,307.49617
39.22005,307.4753
39.2011,307.45288
39.17855,307.43297
39.15537,307.41163
39.13158,307.38953
39.10612,307.36743
39.08007,307.34368
39.05432,307.31972
39.02922,307.29725
39.0029,307.27687
38.97423,307.26013
38.9454,307.24207
38.91608,307.2238
38.88438,307.21002
38.85213,307.1956
38.81852,307.18042
38.78567,307.16417
38.7531,307.14915
38.72083,307.1343
38.6904,307.12012
38.66005,307.1096
38.63035,307.09972
38.60045,307.0918
38.56997,307.08583
38.53812,307.08202
38.50663,307.07727
38.47567,307.07518
38.44412,307.07292
38.41295,307.07145
38.38325,307.06898
38.35328,307.06735
38.32418,307.0689
38.2968,307.07145
38.27087,307.07505
38.24575,307.08382
38.22172,307.09467
38.1991,307.10655
38.17835,307.12208
38.15883,307.14035
38.14125,307.16028
38.12338,307.18337
38.10638,307.20517
38.09102,307.22707
38.07762,307.25013
38.06658,307.27357
38.0574,307.29817
38.05172,307.32163
38.04737,307.34635
38.04492,307.37315
38.04455,307.402
38.04665,307.43167
38.04928,307.4609
38.05613,307.48867
38.06498,307.51863
38.07433,307.54893
38.08573,307.57835
38.0982,307.60695
38.11322,307.63657
38.12905,307.66555
38.14575,307.69537
38.16132,307.72682
38.1756,307.75695
38.19223,307.78323
38.20925,307.80827
38.2277,307.83245
38.24943,307.85422
38.27403,307.87728
38.29842,307.90137
38.3222,307.92707
38.34587,307.95028
38.36893,307.9743
38.3905,307.99565
38.41228,308.01368
38.4327,308.02627
38.454,308.03447
38.47665,308.03438
38.50398,308.03465
38.5348,308.03585
38.56637,308.038
38.59902,308.04198
38.63128,308.04815
38.66255,308.05737
38.69232,308.064
38.72177,308.06888
38.75132,308.07185
38.78027,308.0732
38.80898,308.07402
38.83715,308.07418
38.86438,308.0727
38.89102,308.0712
38.91515,308.06685
38.93945,308.0599
38.96353,308.05173
38.9875,308.0416
39.0122,308.0302
39.03588,308.01928
39.0604,308.00727
39.0838,307.99385
39.10677,307.97718
39.1302,307.96095
39.15475,307.9469
39.17852,307.9334
39.20188,307.92082
39.22417,307.90867
39.24538,307.8945
39.26567,307.87995
39.28477,307.8654
39.30265,307.85242
39.32097,307.83912
39.33877,307.82565
39.35478,307.81147
39.37015,307.79675
39.38473,307.78327
39.39755,307.76885
39.41027,307.75377
39.42315,307.73698
39.43652,307.71793
39.44887,307.69815
39.46532,307.68002
39.48272,307.66437
39.49937,307.65148
39.51742,307.63992
39.53263,307.62892
39.54812,307.62137
39.56263,307.61617
39.57693,307.61043
39.59202,307.60722
39.60573,307.60522
39.61842,307.60307
39.62895,307.60117
39.63918,307.59685
39.65005,307.59233
39.66517,307.58643
39.68188,307.58217
39.69977,307.57802
39.71842,307.57732
39.73885,307.58143
39.75732,307.58693
39.7765,307.59068
39.79812,307.59463
39.82207,307.60188
39.84197,307.6128
39.85833,307.62237
39.87583,307.62782
39.89288,307.63248
39.90995,307.63888
39.92187,307.64088
39.93303,307.6396
39.94247,307.63642
39.95235,307.63032
39.9629,307.62588
39.97195,307.62133
39.98367,307.61537
39.99385,307.60875
40.00712,307.60257
40.02113,307.59682
40.03708,307.59182
40.04917,307.58542
40.06235,307.57762
40.07602,307.56733
40.09162,307.55517
40.11113,307.54618
40.13073,307.53827
40.1511,307.53248
40.1722,307.52792
40.1933,307.5248
40.21422,307.52153
40.23342,307.51817
40.25167,307.51487
40.26978,307.50977
40.28763,307.5054
40.30575,307.50053
40.32427,307.49428
40.34412,307.48837
40.36413,307.48165
40.38442,307.47527
40.4067,307.46818
40.42832,307.46063
40.45175,307.4533
40.47665,307.44588
40.5024,307.43807
40.5299,307.43233
40.55802,307.4283
40.58638,307.4255
40.61437,307.42375
40.64182,307.4224
40.66995,307.42155
40.69917,307.42103
40.72768,307.42163
40.75423,307.42003
40.78153,307.41535
40.813,307.4091
40.84678,307.40237
40.8828,307.40127
40.9246,307.41212
40.9723,307.43942
41.01772,307.47965
41.05758,307.52842
41.09393,307.57973
41.12465,307.63965
41.14747,307.71205
41.16362,307.78827
41.17148,307.8693
41.16668,307.96142
41.1485,308.05397
41.12102,308.14033
41.09027,308.21452
41.05753,308.2765
41.02733,308.32622
41.00217,308.36592
40.98052,308.39782
40.96435,308.42332
40.95118,308.44375
40.94345,308.45997
40.94163,308.47513
40.9441,308.4914
40.95133,308.51042
40.96353,308.5337
40.9793,308.56285
40.99563,308.599
41.00973,308.64377
41.02107,308.69575
41.02848,308.75355
41.02928,308.81472
41.0246,308.87615
41.01238,308.93627
40.99317,308.99097
40.9677,309.03773
40.93903,309.07422
40.91013,309.10013
40.88137,309.11537
40.85448,309.12322
40.83177,309.12373
40.81443,309.11867
40.80338,309.11102
40.79758,309.10372
40.79808,309.09902
40.80215,309.0996
40.80862,309.10542
40.81602,309.121
40.81972,309.14445
40.82133,309.17545
40.8178,309.2115
40.80783,309.2491
40.79097,309.28718
40.76627,309.32375
40.69623,309.38035
40.6552,309.3946
40.61502,309.39748
40.57682,309.3897
40.54387,309.37588
40.51722,309.36037
40.49632,309.34405
40.4811,309.32725
40.471,309.31073
40.4656,309.29688
40.46045,309.2939
40.45485,309.29957
40.44853,309.30767
40.4405,309.31985
40.4278,309.33635
40.40967,309.35415
40.38922,309.37335
40.36645,309.3925
40.34253,309.4111
40.3192,309.43087
40.29533,309.45167
40.27077,309.47783
40.24257,309.50457
40.2104,309.52817
40.17733,309.54882
40.14467,309.5663
40.11527,309.5818
40.09042,309.5937
40.07437,309.60382
40.06412,309.61215
40.0555,309.62495
40.04675,309.64645
40.03568,309.67432
40.02135,309.70947
40.00123,309.74888
39.9766,309.7934
39.94595,309.84165
39.90822,309.88725
39.86675,309.93012
39.8238,309.97085
39.77977,310.00948
39.73645,310.04563
39.6956,310.07862
39.65842,310.11002
39.62497,310.14247
39.59517,310.17515
39.56807,310.20658
39.54668,310.24222
39.52935,310.28578
39.51268,310.33538
39.49617,310.39043
39.47675,310.44903
39.45638,310.50978
39.4338,310.56488
39.41207,310.61865
39.39075,310.6712
39.37045,310.72262
39.35113,310.7705
39.33503,310.82033
39.31882,310.87228
39.30333,310.92808
39.2868,310.98523
39.27145,311.0407
39.25798,311.09673
39.24668,311.15485
39.23778,311.21455
39.22983,311.27643
39.22028,311.3366
39.21095,311.3941
39.20415,311.4506
39.19718,311.50865
39.18868,311.56473
39.17843,311.61928
39.16798,311.67082
39.15937,311.72093
39.1521,311.76868
39.14698,311.81437
39.14522,311.85692
39.14472,311.89817
39.14512,311.93973
39.14583,311.98082
39.14683,312.02105
39.14832,312.06068
39.15112,312.09913
39.15528,312.13912
39.16007,312.17982
39.16133,312.21975
39.16543,312.2614
39.16715,312.30013
39.16932,312.3347
39.17198,312.36725
39.1748,312.3986
39.17725,312.42853
39.1811,312.45598
39.18585,312.48458
39.1899,312.51347
39.19275,312.54043
39.19317,312.56593
39.19195,312.58893
39.1932,312.60973
39.19695,312.63198
39.20007,312.65358
39.20413,312.67347
39.20968,312.69005
39.21725,312.70603
39.2262,312.7224
39.23655,312.74068
39.24653,312.76218
39.25633,312.78602
39.2672,312.8104
39.27612,312.83385
39.28272,312.85458
39.28975,312.87615
39.29597,312.89325
39.30177,312.90928
39.30758,312.92388
39.31468,312.93793
39.32433,312.9515
39.33307,312.96748
39.34185,312.9812
39.35127,312.99868
39.36072,313.02158
39.36593,313.04703
39.37012,313.07235
39.3739,313.09908
39.37515,313.12363
39.37322,313.147
39.36938,313.16788
39.3643,313.18357
39.35957,313.19728
39.35767,313.20892
39.3586,313.22123
39.35992,313.23487
39.36232,313.25147
39.36437,313.27118
39.36475,313.29018
39.36397,313.3095
39.36435,313.32923
39.36387,313.3463
39.36372,313.3602
39.36775,313.37687
39.37117,313.39982
39.37122,313.42458
39.36817,313.44637
39.36395,313.46597
39.3564,313.48207
39.34867,313.49575
39.34268,313.50767
39.33945,313.52097
39.33597,313.53752
39.33187,313.55268
39.3286,313.56678
39.3272,313.5815
39.3271,313.59872
39.32937,313.61777
39.33277,313.6392
39.33775,313.66653
39.33857,313.695
39.33595,313.72102
39.33388,313.74667
39.33328,313.7699
39.33138,313.7952
39.3272,313.82503
39.31902,313.84953
