38.60998,304.14708
38.58128,304.14407
38.55252,304.14363
38.52453,304.14553
38.49467,304.14755
38.46492,304.15003
38.43648,304.15523
38.4095,304.16095
38.38268,304.16547
38.35733,304.17253
38.33457,304.18125
38.31113,304.19238
38.2869,304.2065
38.26367,304.22275
38.24168,304.24078
38.22155,304.26375
38.20158,304.29058
38.18152,304.3188
38.16087,304.34508
38.143,304.37272
38.12545,304.40295
38.1096,304.43473
38.09607,304.46725
38.08567,304.4969
38.0773,304.52565
38.07237,304.55462
38.07087,304.58388
38.07242,304.61265
38.0761,304.64255
38.08192,304.6714
38.09067,304.69932
38.10363,304.72612
38.12053,304.75353
38.14133,304.77993
38.16793,304.805
38.1985,304.8314
38.22772,304.85567
38.26155,304.87625
38.29897,304.8945
38.33838,304.91365
38.37855,304.9298
38.41753,304.94292
38.45508,304.95378
38.49185,304.96233
38.52858,304.96887
38.56395,304.9723
38.59813,304.97252
38.63,304.9685
38.66125,304.9593
38.69322,304.94268
38.72702,304.91842
38.7647,304.89247
38.80445,304.86853
38.84412,304.84845
38.88342,304.82782
38.92185,304.8106
38.95753,304.79515
38.99065,304.7786
39.02072,304.76387
39.0472,304.74958
39.07163,304.73365
39.09302,304.7189
39.11073,304.70315
39.1266,304.68857
39.14167,304.67553
39.15585,304.66497
39.16977,304.65705
39.18117,304.65165
39.19045,304.64727
39.19983,304.6417
39.20888,304.63722
39.21762,304.63325
39.2257,304.62972
39.23113,304.62883
39.23478,304.62998
39.23828,304.63137
39.24035,304.63208
39.24048,304.63257
39.23998,304.63077
39.23952,304.62767
39.23952,304.62347
39.24017,304.61873
39.2363,304.61238
39.22995,304.60262
39.22412,304.59113
39.2176,304.57895
39.20998,304.56547
39.2025,304.54847
39.19377,304.52895
39.18642,304.50602
39.18058,304.48233
39.17767,304.45807
39.17675,304.43452
39.177,304.41167
39.17633,304.39047
39.17547,304.37057
39.1746,304.35308
39.169,304.33597
39.16217,304.31712
39.1559,304.29518
39.14955,304.27173
39.14182,304.24797
39.13158,304.22233
39.1218,304.19273
39.1132,304.16047
39.10387,304.12693
39.09495,304.09242
39.0888,304.05672
39.08637,304.02013
39.0876,303.98445
39.08747,303.95302
39.0849,303.9252
39.08297,303.89888
39.0803,303.87413
39.07828,303.85157
39.07543,303.83402
39.07182,303.81867
39.06727,303.80328
39.06132,303.78673
39.05448,303.76918
39.04768,303.75107
39.04278,303.73322
39.03837,303.7174
39.03282,303.70308
39.02683,303.68937
39.02067,303.67748
39.0137,303.66567
39.0046,303.65273
38.996,303.63597
38.98902,303.61992
38.98277,303.60365
38.9765,303.58905
38.97045,303.57353
38.96415,303.55935
38.95717,303.54863
38.95012,303.53693
38.94282,303.52645
38.93358,303.51623
38.92447,303.50487
38.9136,303.49418
38.90248,303.48258
38.892,303.47043
38.88095,303.45723
38.86963,303.4421
38.85878,303.4263
38.84743,303.4105
38.8354,303.39367
38.82378,303.37687
38.81367,303.35907
38.80488,303.34132
38.79683,303.32622
38.78887,303.31152
38.78042,303.2984
38.77177,303.2867
38.76315,303.27537
38.7541,303.26628
38.74407,303.25928
38.73325,303.25228
38.72078,303.2451
38.70652,303.23705
38.69215,303.22988
38.67735,303.22047
38.66273,303.21065
38.64807,303.20003
38.63288,303.19053
38.61877,303.1816
38.60407,303.17297
38.5919,303.16723
38.58017,303.16257
38.56853,303.16112
38.55822,303.16002
38.55177,303.16077
38.54707,303.16242
38.54372,303.16623
38.53908,303.1728
38.53268,303.18045
38.5238,303.18822
38.51662,303.19332
38.50802,303.19747
38.49653,303.2003
38.4842,303.20162
38.46818,303.20248
38.45102,303.20103
38.43103,303.19692
38.40948,303.19502
38.3869,303.19303
38.3631,303.192
38.33768,303.19148
38.31047,303.19113
38.28393,303.19015
38.25502,303.19237
38.22428,303.19528
38.19538,303.19622
38.16802,303.1981
38.1405,303.20207
38.11385,303.21142
38.08643,303.22233
38.05898,303.23552
38.03025,303.25015
38.00043,303.27023
37.97098,303.29433
37.9425,303.32518
37.9143,303.36087
37.88788,303.40233
37.86517,303.44692
37.84805,303.49575
37.83507,303.54678
37.82438,303.60063
37.81705,303.65688
37.81432,303.7126
37.81582,303.76538
37.82078,303.81477
37.83125,303.85823
37.84487,303.8968
37.8632,303.93052
37.88478,303.95898
37.90927,303.98332
37.93685,304.00388
37.9661,304.02182
37.99707,304.03408
38.03072,304.042
38.06753,304.0448
38.10588,304.04398
38.1432,304.04088
38.17822,304.03297
38.21245,304.02383
38.24262,304.0117
38.27042,303.9965
38.29728,303.98123
38.32233,303.96437
38.34467,303.9421
38.36678,303.91808
38.38595,303.89523
38.40137,303.87083
38.41445,303.84352
38.42813,303.81455
38.43835,303.78698
38.44695,303.75827
38.45647,303.72937
38.46413,303.70197
38.4714,303.67395
38.47702,303.64787
38.47922,303.62308
38.48135,303.59765
38.48282,303.57058
38.48277,303.54305
38.48178,303.51862
38.47942,303.49522
38.4784,303.46867
38.47683,303.44367
38.47152,303.42057
38.46497,303.3982
38.45765,303.37395
38.44967,303.35013
38.44008,303.32822
38.43032,303.30448
38.41947,303.28047
38.40643,303.25842
38.39257,303.23317
38.3795,303.20532
38.36448,303.17963
38.34638,303.1533
38.32797,303.12473
38.30888,303.09485
38.2855,303.06787
38.25893,303.0433
38.2305,303.02017
38.19998,303.0013
38.16705,302.98573
38.13142,302.97163
38.09415,302.96358
38.05658,302.96043
38.01635,302.96255
37.97385,302.97272
37.93083,302.98832
37.88882,303.00848
37.85118,303.03398
37.82317,303.06327
37.8047,303.09948
37.79352,303.13865
37.78415,303.17963
37.77448,303.21847
37.77015,303.25728
37.76513,303.29212
37.76417,303.3208
37.77027,303.3482
37.78108,303.37565
37.79895,303.40083
37.81252,303.42463
37.82575,303.44343
37.84075,303.46132
37.856,303.47418
37.87123,303.48043
37.88832,303.48068
37.90433,303.47588
37.91487,303.4621
37.92747,303.44667
37.93887,303.43137
37.95288,303.4134
37.96498,303.39607
37.97625,303.37637
37.9891,303.35657
38.0003,303.33843
38.00795,303.32243
38.01355,303.30295
38.01473,303.2772
38.01533,303.24912
38.01452,303.21748
38.01692,303.18643
38.0185,303.15452
38.02013,303.12605
38.02053,303.09743
38.01947,303.06988
38.01777,303.0434
38.01823,303.01565
38.01477,302.98773
38.00958,302.95853
38.0042,302.93155
37.99462,302.90345
37.98255,302.87613
37.9636,302.84658
37.94575,302.81685
37.9287,302.8011
37.91058,302.79568
37.89047,302.79212
37.87472,302.79513
37.85917,302.79768
37.84533,302.80017
37.83522,302.80602
37.82887,302.81697
37.82442,302.83348
37.81793,302.85435
37.8124,302.8764
37.80835,302.89622
37.80452,302.91658
37.80347,302.93685
37.79865,302.9655
37.79487,302.99508
37.79042,303.02148
37.78072,303.0439
37.76563,303.0598
37.74992,303.06862
37.73607,303.06907
37.7283,303.06548
37.72765,303.05897
37.73188,303.05457
37.74013,303.0539
37.75138,303.05787
37.76288,303.06682
37.77382,303.07785
37.78265,303.08987
37.78902,303.09717
37.79403,303.10092
37.79968,303.10527
37.80507,303.10653
37.81113,303.106
37.81548,303.09773
37.8211,303.08328
37.8266,303.06482
37.8344,303.04273
37.84287,303.0195
37.85202,302.99452
37.8616,302.97437
37.86915,302.95968
37.87163,302.94972
37.86957,302.9432
37.8659,302.9374
37.85707,302.92918
37.84405,302.92197
37.82633,302.91218
37.80603,302.8966
37.7898,302.87772
37.77787,302.85667
37.76805,302.83832
37.75895,302.82407
37.75175,302.81132
37.75042,302.80582
37.74683,302.80605
37.74137,302.8132
37.7343,302.82628
37.7242,302.8393
37.71262,302.85178
37.70018,302.86453
37.68655,302.87352
37.67407,302.87692
37.6634,302.87922
37.65837,302.87905
37.66025,302.87798
37.66643,302.87997
37.67407,302.88378
37.68183,302.89468
37.6874,302.91072
37.69048,302.93148
37.68915,302.95372
37.68702,302.9739
37.68897,302.98923
37.6929,303.00427
37.70015,303.02017
37.71087,303.03538
37.72405,303.05165
37.73987,303.06762
37.75897,303.08092
37.78097,303.09272
37.8027,303.10227
37.82602,303.10988
37.85005,303.11142
37.87557,303.11005
37.9021,303.10567
37.92952,303.0994
37.95777,303.09158
37.98378,303.0786
38.00995,303.05945
38.03433,303.03193
38.05592,303.00005
38.07417,302.96017
38.09315,302.91753
38.10852,302.8723
38.12202,302.8294
38.12867,302.78653
38.1302,302.74208
38.1279,302.69958
38.1216,302.65922
38.11403,302.62263
38.10362,302.59287
38.08993,302.57092
38.07292,302.55358
38.0526,302.54228
38.02988,302.53537
38.00678,302.53545
37.98257,302.54122
37.95728,302.55383
37.93408,302.57302
37.91417,302.59588
37.89485,302.61953
37.87662,302.64212
37.86133,302.66228
37.84795,302.68503
37.83645,302.70978
37.82512,302.73222
37.81477,302.7538
37.8034,302.77258
37.79672,302.79042
37.79273,302.80862
37.79338,302.82893
37.79532,302.85075
37.79778,302.87062
37.7994,302.89013
37.8017,302.90857
37.80738,302.92503
37.81595,302.941
37.8243,302.95622
37.83268,302.97148
37.83992,302.98468
37.84697,302.99377
37.85543,302.99953
37.86648,303.0026
37.87913,303.00322
37.89605,303.00442
37.91368,303.00578
37.9334,303.00707
37.95262,303.00938
37.96937,303.00652
37.98452,303.00107
38.00028,302.9928
38.01395,302.97972
38.0289,302.9638
38.04232,302.94338
38.0604,302.92108
38.08057,302.90225
38.10263,302.8812
38.12173,302.85818
38.1391,302.83572
38.15462,302.80908
38.16995,302.78578
38.17972,302.75707
38.18428,302.72585
38.18248,302.69005
38.18052,302.65015
38.17905,302.60868
38.17525,302.5646
38.16795,302.5232
38.16058,302.4845
38.15652,302.44923
38.1514,302.42695
38.14558,302.41393
38.13978,302.4081
38.13368,302.41205
38.12985,302.42415
38.12597,302.44163
38.1224,302.46578
38.12112,302.49682
38.12128,302.52663
38.1235,302.551
38.12618,302.57152
38.12857,302.59765
38.1333,302.61515
38.13677,302.63265
38.1412,302.65223
38.1454,302.67348
38.14545,302.6998
38.14422,302.72868
38.14525,302.77828
38.15175,302.8183
38.15772,302.85153
38.16582,302.88242
38.17435,302.91298
38.18435,302.94243
38.19353,302.97575
38.20182,303.00942
38.21352,303.04185
38.23042,303.07385
38.25242,303.1023
38.27745,303.12607
38.30263,303.14172
38.32833,303.14993
38.35438,303.15337
38.38032,303.14832
38.40645,303.13545
38.4309,303.11267
38.45155,303.08613
38.4669,303.05328
38.47948,303.01502
38.48852,302.9755
38.49295,302.93547
38.49175,302.89592
38.48438,302.85672
38.47368,302.81472
38.4606,302.77122
38.44768,302.72778
38.43285,302.69005
38.41777,302.65538
38.40277,302.62438
38.38723,302.59402
38.37492,302.56325
38.36362,302.5353
38.35262,302.51023
38.341,302.49023
38.33125,302.47072
38.32072,302.45498
38.31008,302.44267
38.30162,302.43023
38.29318,302.41765
38.28703,302.40323
38.28595,302.39083
38.2899,302.37777
38.29573,302.3655
38.3004,302.34868
38.30402,302.32443
38.30537,302.2921
38.30125,302.25147
38.29092,302.20423
38.27213,302.15375
