28.84338,314.2787
28.83592,314.27923
28.82657,314.27787
28.81632,314.27312
28.80465,314.26603
28.79377,314.25458
28.78807,314.23543
28.7857,314.21677
28.78742,314.19817
28.79282,314.18217
28.79887,314.16722
28.80508,314.15405
28.8083,314.14305
28.80842,314.1317
28.8077,314.12037
28.80702,314.10737
28.8053,314.09538
28.80373,314.08365
28.80162,314.07097
28.79977,314.05865
28.79812,314.04538
28.7963,314.03325
28.7958,314.02162
28.79558,314.00968
28.79328,313.99972
28.78912,313.98983
28.78298,313.97735
28.77602,313.96683
28.76715,313.95467
28.75748,313.94268
28.7495,313.92593
28.74038,313.90798
28.73378,313.88833
28.73038,313.86677
28.7284,313.84512
28.72817,313.8251
28.73008,313.80953
28.73128,313.79523
28.73038,313.78313
28.72868,313.77317
28.72488,313.76138
28.71868,313.7518
28.71058,313.74065
28.7036,313.72838
28.69648,313.71488
28.68977,313.6987
28.68657,313.6814
28.68245,313.66403
28.67825,313.64978
28.67442,313.637
28.66847,313.62465
28.6625,313.61087
28.65997,313.59855
28.65528,313.58627
28.64968,313.57353
28.64568,313.56142
28.64175,313.54972
28.6383,313.53663
28.63453,313.52212
28.63183,313.50733
28.63073,313.49292
28.62933,313.47908
28.62853,313.46545
28.6272,313.45225
28.62438,313.44005
28.62028,313.42848
28.61767,313.41815
28.61473,313.40633
28.61198,313.39515
28.61025,313.3837
28.6093,313.3726
28.60863,313.36323
28.60855,313.35528
28.6069,313.34743
28.6042,313.33892
28.60088,313.33038
28.59815,313.32358
28.5957,313.31653
28.59348,313.30938
28.59015,313.30252
28.58683,313.29672
28.58418,313.28868
28.58102,313.28213
28.58067,313.27462
28.5798,313.26897
28.57497,313.26103
28.56912,313.25222
28.56213,313.24007
28.5561,313.22593
28.55195,313.21463
28.54855,313.20452
28.54527,313.19538
28.54535,313.18753
28.54805,313.18293
28.55123,313.1791
28.551,313.17575
28.54838,313.17095
28.54592,313.16762
28.54238,313.1637
28.54015,313.15957
28.53613,313.15442
28.5328,313.14973
28.5304,313.14652
28.52828,313.14537
28.52448,313.14537
28.52028,313.1443
28.51573,313.14147
28.50995,313.13717
28.5034,313.1318
28.49743,313.12483
28.49337,313.11557
28.4895,313.1058
28.48615,313.0979
28.48582,313.09058
28.48793,313.08423
28.48988,313.07923
28.49163,313.07548
28.49312,313.07235
28.49122,313.06938
28.48728,313.06507
28.48373,313.0593
28.48005,313.05373
28.47748,313.04807
28.47678,313.04123
28.4766,313.03578
28.47713,313.02857
28.4776,313.02143
28.47953,313.0167
28.4818,313.01252
28.48067,313.01015
28.47838,313.00723
28.4758,313.00222
28.4719,312.99652
28.46818,312.988
28.46627,312.97825
28.46773,312.96677
28.47197,312.95657
28.47708,312.9473
28.48275,312.94085
28.4884,312.93587
28.49248,312.93227
28.49373,312.9283
28.49372,312.92328
28.49295,312.91918
28.48927,312.91233
28.48633,312.90513
28.48538,312.8969
28.48617,312.8873
28.48877,312.87827
28.49373,312.86915
28.49983,312.862
28.50567,312.85378
28.5114,312.84588
28.51588,312.8382
28.51848,312.83113
28.52082,312.82482
28.52215,312.81712
28.52513,312.80793
28.52755,312.79915
28.53225,312.79072
28.53842,312.78295
28.54512,312.77558
28.55348,312.76963
28.56315,312.76602
28.57075,312.76437
28.5773,312.7638
28.5818,312.7625
28.58368,312.76005
28.58482,312.75652
28.58732,312.75248
28.58878,312.74798
28.5888,312.74417
28.58833,312.7395
28.58892,312.7329
28.59088,312.7271
28.59523,312.72365
28.60225,312.72043
28.60668,312.71683
28.61165,312.71322
28.61558,312.70873
28.6196,312.70342
28.62448,312.69957
28.629,312.69595
28.63158,312.69307
28.63447,312.6896
28.63675,312.68415
28.63937,312.6799
28.6417,312.67643
28.64383,312.67358
28.6454,312.67322
28.64395,312.67307
28.64225,312.6718
28.63917,312.67133
28.63337,312.67043
28.6271,312.66847
28.6213,312.66477
28.61738,312.66062
28.61325,312.65745
28.61065,312.65458
28.6091,312.65112
28.60935,312.6491
28.61067,312.64823
28.61153,312.64865
28.61232,312.64867
28.61145,312.6492
28.6104,312.64837
28.60773,312.64817
28.60602,312.64618
28.6053,312.6447
28.6049,312.64257
28.60543,312.64063
28.60665,312.63995
28.61005,312.64238
28.61398,312.64753
28.61492,312.6527
28.61537,312.65675
28.61473,312.66087
28.61307,312.66395
28.61035,312.66585
28.60553,312.66548
28.602,312.66252
28.59948,312.65647
28.59837,312.6497
28.60025,312.64285
28.60378,312.63945
28.60757,312.63778
28.61047,312.63782
28.61368,312.63688
28.61715,312.63678
28.62027,312.63677
28.62203,312.63787
28.62292,312.63877
28.62308,312.63828
28.62493,312.6375
28.62627,312.63662
28.62793,312.63607
28.63073,312.63683
28.6294,312.63888
28.62997,312.6401
28.62905,312.64262
28.6267,312.64372
28.62363,312.64532
28.6212,312.64438
28.61682,312.64375
28.61308,312.64067
28.61115,312.63475
28.6106,312.63183
28.6113,312.62925
28.61143,312.62762
28.61128,312.62708
28.61207,312.62735
28.61262,312.62817
28.61357,312.62962
28.61353,312.63072
28.61387,312.63125
28.61393,312.63195
28.61392,312.63123
28.61508,312.63133
28.6159,312.63048
28.61618,312.63053
28.61777,312.63088
28.61797,312.63162
28.61713,312.63403
28.6158,312.63737
28.61545,312.64087
28.61383,312.64338
28.61128,312.64567
28.60872,312.64678
28.60607,312.64718
28.60343,312.6472
28.60115,312.64565
28.60012,312.64522
28.60015,312.64477
28.60055,312.64502
28.60108,312.64495
28.60207,312.64515
28.60177,312.6462
28.60175,312.64575
28.60113,312.64403
28.60177,312.64237
28.60347,312.6412
28.60638,312.64047
28.6118,312.64008
28.61637,312.64013
28.62087,312.64303
28.62395,312.64603
28.6278,312.6476
28.63063,312.65003
28.63562,312.65325
28.63913,312.65638
28.63898,312.66127
28.63682,312.6648
28.63448,312.66772
28.63298,312.66833
28.63272,312.66898
28.6314,312.66775
28.6331,312.66422
28.63765,312.6604
28.64358,312.6584
28.65168,312.65488
28.65938,312.65048
28.66635,312.6447
28.67287,312.63727
28.67978,312.6293
28.68627,312.62135
28.6939,312.61575
28.70087,312.61145
28.70663,312.60847
28.71047,312.60553
28.71337,312.60415
28.71388,312.60222
28.71405,312.60057
28.7133,312.5988
28.70993,312.59447
28.70545,312.58813
28.70112,312.57888
28.69835,312.57047
28.69723,312.562
28.6967,312.5548
28.69648,312.54668
28.69628,312.5399
28.69562,312.53322
28.69258,312.52803
28.68908,312.51977
28.68847,312.51072
28.68975,312.50338
28.69157,312.49718
28.6966,312.49252
28.70372,312.48913
28.70932,312.48652
28.71452,312.48352
28.71917,312.48212
28.72457,312.4804
28.72867,312.47793
28.73317,312.47577
28.73747,312.47175
28.74092,312.4679
28.74433,312.46503
28.7452,312.46057
28.74642,312.45435
28.74777,312.44872
28.7476,312.443
28.74545,312.4366
28.74612,312.42733
28.74758,312.41863
28.74875,312.4073
28.75162,312.39667
28.75498,312.38833
28.75843,312.38072
28.76092,312.37265
28.76383,312.36233
28.76672,312.35253
28.7708,312.34362
28.7764,312.3366
28.7843,312.33173
28.79377,312.33065
28.80233,312.33172
28.8075,312.33618
28.80898,312.34442
28.80705,312.35155
28.80363,312.35553
28.79827,312.35605
28.79185,312.35305
28.78508,312.34685
28.77845,312.33833
28.77528,312.32852
28.77655,312.31968
28.77595,312.30955
28.77692,312.30095
28.77612,312.29127
28.77532,312.28257
28.77507,312.27167
28.77547,312.25917
28.77927,312.24638
28.78488,312.23595
28.79155,312.22645
28.80025,312.2174
28.8069,312.21003
28.81453,312.20392
28.82252,312.19875
28.8288,312.19642
28.83357,312.19483
28.83527,312.19383
28.83542,312.19273
28.83578,312.19023
28.83587,312.18753
28.83515,312.18485
28.8322,312.17952
28.8297,312.17188
28.8268,312.1636
28.8262,312.15358
28.82628,312.14183
28.82763,312.13055
28.82857,312.11925
28.83167,312.10893
28.83468,312.10227
28.8389,312.09455
28.84312,312.08507
28.84715,312.07652
28.85312,312.06643
28.85788,312.05755
28.86307,312.04828
28.86777,312.0394
28.87297,312.03152
28.87783,312.02733
28.88322,312.02118
28.8891,312.01388
28.89283,312.00667
28.89625,311.99962
28.89887,311.99435
28.90098,311.98908
28.90335,311.98387
28.90505,311.97892
28.90437,311.97255
28.90332,311.9648
28.9016,311.95772
28.89993,311.95018
28.89837,311.942
28.89657,311.9329
28.89583,311.92358
28.89645,311.91452
28.89855,311.90217
28.9015,311.88912
28.90608,311.87772
28.91365,311.86667
28.92162,311.85682
28.92913,311.84977
28.93642,311.84303
28.94463,311.83893
28.9514,311.83713
28.95665,311.83422
28.96025,311.83038
28.96498,311.82612
28.97028,311.82257
28.97672,311.81797
28.98182,311.81282
28.98628,311.80743
28.98885,311.80068
28.99208,311.79227
28.99515,311.78442
28.99885,311.77678
29.00245,311.77058
29.00405,311.7634
29.006,311.75523
29.00888,311.74653
29.01493,311.7358
29.02172,311.7256
29.02797,311.71675
29.03443,311.70847
29.04063,311.6991
29.04757,311.68998
29.05557,311.68283
29.06315,311.67795
29.07177,311.67395
29.07852,311.6694
29.08445,311.66517
29.0901,311.66015
29.09633,311.65523
29.10293,311.65097
29.10987,311.64762
29.1151,311.64518
29.11995,311.64303
29.12462,311.63948
29.12983,311.63683
29.13358,311.63368
29.13788,311.62868
29.14248,311.62507
29.14917,311.62227
29.15587,311.6183
29.16278,311.61425
29.1703,311.61043
29.17963,311.60808
29.18865,311.6068
29.19607,311.60755
29.20195,311.60825
29.20943,311.60858
29.21768,311.60887
29.22533,311.61062
29.2321,311.61182
29.23808,311.61253
29.24573,311.6133
29.25345,311.61363
29.26197,311.61375
29.27072,311.61497
29.27932,311.6164
29.28578,311.62093
29.29065,311.6257
29.29407,311.62927
29.29845,311.63207
29.30313,311.63338
29.30592,311.63403
29.30858,311.63477
29.31085,311.63547
29.31717,311.63383
29.32633,311.63185
29.33575,311.63295
29.34733,311.636
29.35917,311.64085
29.37145,311.64658
29.38182,311.65487
29.38978,311.66453
29.39455,311.6735
29.39753,311.68055
29.40108,311.68743
29.40358,311.69595
29.40447,311.70198
29.40573,311.70863
29.40475,311.7134
29.40642,311.71597
29.40758,311.7185
29.40782,311.71995
29.41062,311.72015
29.41575,311.71978
29.42073,311.71903
29.42572,311.71883
29.43152,311.71882
29.43902,311.72027
29.44623,311.72015
29.45413,311.72013
29.46203,311.72143
29.47022,311.72252
29.47692,311.72442
29.4836,311.72867
29.49008,311.73312
29.4944,311.73898
29.49738,311.74473
29.4975,311.74998
29.49623,311.75315
29.49458,311.75598
29.49132,311.75682
29.48858,311.75705
29.48768,311.75392
29.48727,311.74943
29.48718,311.74658
29.48865,311.74358
29.48997,311.74247
29.49242,311.74123
29.49662,311.7397
29.50117,311.7391
29.5064,311.74067
29.51285,311.74142
29.51857,311.74407
29.52335,311.74968
29.52588,311.75495
29.52717,311.75912
29.52887,311.76402
29.52898,311.76937
29.52853,311.77395
29.52752,311.7774
29.5251,311.77945
29.52262,311.78068
29.52112,311.78067
