35.61692,294.93212
35.6215,294.92647
35.62725,294.9126
35.63473,294.8966
35.64562,294.87972
35.65867,294.86237
35.6734,294.84733
35.68807,294.83347
35.705,294.821
35.72327,294.81025
35.74152,294.80032
35.75965,294.79262
35.77705,294.78703
35.79287,294.78095
35.80832,294.77557
35.82068,294.76898
35.83327,294.76322
35.84587,294.7589
35.85787,294.75313
35.87062,294.74747
35.8835,294.7427
35.89522,294.7379
35.90725,294.73347
35.91825,294.72915
35.92892,294.72548
35.93833,294.72295
35.94752,294.72222
35.95645,294.72303
35.96372,294.72572
35.97088,294.72968
35.97825,294.73585
35.9855,294.74483
35.99345,294.757
35.99953,294.77185
36.0036,294.7883
36.00547,294.80518
36.00475,294.82412
36.00333,294.84347
36.00438,294.86387
36.0065,294.88618
36.00793,294.90778
36.0104,294.93163
36.01462,294.95817
36.0203,294.98698
36.02657,295.01832
36.03593,295.04888
36.04802,295.0752
36.0616,295.10393
36.07542,295.13582
36.0881,295.16972
36.09985,295.20333
36.11342,295.23495
36.12912,295.2664
36.14655,295.29465
36.16748,295.32108
36.18852,295.34742
36.20725,295.37427
36.22527,295.40037
36.23938,295.42735
36.24965,295.45537
36.2577,295.48395
36.26372,295.50868
36.2679,295.53208
36.27113,295.5552
36.27445,295.57888
36.27865,295.60125
36.28198,295.62278
36.28505,295.6442
36.2878,295.6668
36.29082,295.69
36.29358,295.71752
36.29347,295.74678
36.29193,295.7737
36.29065,295.797
36.28615,295.82073
36.2792,295.84607
36.27022,295.86667
36.2622,295.88512
36.25503,295.90598
36.24655,295.92258
36.23933,295.93817
36.23222,295.95627
36.2248,295.9726
36.22118,295.98722
36.21868,296.00432
36.21628,296.02203
36.21215,296.03933
36.20595,296.05563
36.19915,296.07032
36.19328,296.08322
36.18718,296.09537
36.18303,296.10643
36.18122,296.11602
36.17983,296.1221
36.17897,296.13015
36.17862,296.13677
36.17957,296.1425
36.1805,296.15018
36.18197,296.15877
36.18358,296.16762
36.18752,296.17752
36.19035,296.1838
36.19302,296.19098
36.19628,296.1995
36.19887,296.20793
36.2021,296.21922
36.2047,296.23112
36.2063,296.23892
36.21008,296.2446
36.21577,296.25087
36.22228,296.25972
36.23132,296.2702
36.24172,296.28215
36.25197,296.29793
36.26272,296.31407
36.27497,296.32932
36.28868,296.34567
36.30258,296.36542
36.31578,296.3864
36.32882,296.4091
36.34258,296.43332
36.35727,296.45952
36.37155,296.48693
36.38457,296.51448
36.39632,296.54135
36.40778,296.5679
36.41902,296.5928
36.42823,296.61777
36.4364,296.6429
36.44455,296.66638
36.45245,296.68853
36.45908,296.70978
36.46495,296.72517
36.47043,296.73518
36.47408,296.73985
36.47685,296.74225
36.4799,296.7437
36.48392,296.74677
36.48812,296.75315
36.49147,296.75943
36.49375,296.76692
36.49383,296.7755
36.48952,296.78462
36.48608,296.79372
36.48243,296.8046
36.47587,296.81747
36.46757,296.83068
36.45812,296.84605
36.44782,296.86278
36.43595,296.88253
36.42183,296.90392
36.40667,296.92657
36.3887,296.95338
36.36883,296.98308
36.34687,297.01395
36.3224,297.04697
36.29757,297.08338
36.2707,297.12258
36.24325,297.16468
36.21443,297.20875
36.18497,297.25475
36.15568,297.30155
36.1258,297.35133
36.09893,297.40333
36.07237,297.45793
36.04517,297.51653
36.01783,297.5796
35.9912,297.64585
35.96427,297.7158
35.9375,297.78615
35.91157,297.85285
35.8865,297.91958
35.86252,297.986
35.83887,298.05082
35.81625,298.11355
35.79328,298.17322
35.77078,298.23058
35.74893,298.28565
35.72963,298.33965
35.71233,298.39082
35.69855,298.44093
35.68643,298.49045
35.67365,298.53763
35.66498,298.58308
35.65907,298.62347
35.65582,298.66687
35.65352,298.70833
35.65307,298.74588
35.6534,298.78045
35.65533,298.81073
35.65935,298.84275
35.66277,298.86792
35.66877,298.89178
35.67622,298.91528
35.68598,298.93703
35.69688,298.95867
35.70935,298.97428
35.72332,298.98517
35.74165,298.99753
35.76258,299.01137
35.78368,299.01968
35.80725,299.03468
35.8312,299.04865
35.85617,299.06187
35.88037,299.07522
35.90373,299.08707
35.92682,299.09817
35.94978,299.1088
35.9724,299.1173
35.99333,299.12033
36.01388,299.12288
36.03473,299.12338
36.05727,299.11855
36.08207,299.11398
36.10742,299.10525
36.13645,299.09642
36.16667,299.08475
36.1982,299.07482
36.23007,299.06488
36.26255,299.05413
36.29537,299.04483
36.32762,299.03425
36.35767,299.01923
36.38685,299.00355
36.41557,298.98462
36.4466,298.96442
36.47595,298.94203
36.50448,298.91793
36.53218,298.89285
36.55778,298.86568
36.58363,298.83647
36.61128,298.8076
36.63697,298.77568
36.66177,298.74057
36.6884,298.70293
36.71655,298.6658
36.74367,298.62655
36.76912,298.58495
36.79498,298.5426
36.82068,298.50232
36.84617,298.46462
36.8704,298.42988
36.89358,298.39432
36.91345,298.35398
36.93265,298.31195
36.95138,298.26882
36.96913,298.22467
36.98555,298.18122
37.00103,298.1361
37.01692,298.0924
37.03125,298.04935
37.04233,298.00475
37.05437,297.95853
37.06527,297.91088
37.07173,297.8639
37.0769,297.81412
37.08382,297.76513
37.08673,297.72088
37.08742,297.6791
37.09185,297.63467
37.09232,297.59222
37.0896,297.55192
37.08427,297.51188
37.07902,297.46977
37.07197,297.42818
37.0652,297.38615
37.05322,297.34933
37.0382,297.31393
37.02127,297.27805
37.00328,297.24485
36.98202,297.21435
36.96063,297.18225
36.93858,297.1509
36.91272,297.12237
36.8856,297.09683
36.85695,297.07122
36.82637,297.04645
36.79562,297.02583
36.7598,297.01082
36.72248,297.0008
36.68152,296.99767
36.63997,296.99505
36.59793,296.99348
36.55622,296.99305
36.514,296.9964
36.47673,297.00277
36.44353,297.01067
36.41073,297.02168
36.37973,297.03513
36.35172,297.05502
36.32223,297.07625
36.29362,297.09913
36.26647,297.12313
36.24083,297.14857
36.21637,297.17147
36.1963,297.19038
36.17935,297.21048
36.1677,297.2319
36.16157,297.25718
36.15792,297.28817
36.15223,297.3128
36.14827,297.33472
36.1469,297.35515
36.14762,297.3811
36.15138,297.40823
36.15737,297.43523
36.16295,297.46607
36.17115,297.50063
36.17717,297.53585
36.1815,297.57082
36.1849,297.60403
36.18807,297.63218
36.19515,297.65838
36.2077,297.68682
36.22115,297.7113
36.23917,297.7342
36.25982,297.75937
36.28272,297.7873
36.30827,297.81355
36.33672,297.8416
36.36417,297.87323
36.39063,297.90615
36.4154,297.94197
36.43782,297.97683
36.45793,298.01207
36.4774,298.046
36.49592,298.07812
36.50982,298.10688
36.5222,298.13717
36.52788,298.15972
36.53368,298.17285
36.54097,298.18405
36.55027,298.19465
36.56415,298.2015
36.57673,298.20653
36.59253,298.2087
36.6102,298.21198
36.62477,298.21022
36.63493,298.20692
36.64418,298.20327
36.65728,298.19892
36.67217,298.1947
36.68658,298.19148
36.7005,298.18723
36.71337,298.18338
36.72617,298.1772
36.74152,298.16938
36.75513,298.16243
36.76907,298.15222
36.78193,298.14188
36.7927,298.1292
36.8018,298.11338
36.81195,298.09485
36.8226,298.07515
36.834,298.05383
36.84478,298.03163
36.85483,298.00913
36.86233,297.99048
36.8691,297.96947
36.87708,297.94725
36.88258,297.92387
36.88988,297.89843
36.89475,297.87615
36.89832,297.85582
36.90308,297.83463
36.90595,297.81197
36.90668,297.7863
36.9078,297.75813
36.91027,297.7314
36.9134,297.70573
36.9132,297.6804
36.90942,297.65657
36.90333,297.631
36.89735,297.60047
36.89168,297.57088
36.88395,297.54362
36.877,297.51333
36.86752,297.4823
36.86058,297.44507
36.8566,297.41125
36.85218,297.3835
36.8455,297.36013
36.83595,297.33647
36.82347,297.3129
36.80778,297.28928
36.78913,297.2671
36.76628,297.24763
36.74313,297.22758
36.72163,297.20485
36.69875,297.18882
36.67318,297.1742
36.64988,297.15768
36.62697,297.13923
36.6042,297.12255
36.58263,297.10727
36.56067,297.09605
36.53878,297.08418
36.51615,297.07985
36.49098,297.0767
36.46458,297.07183
36.4359,297.06802
36.406,297.06393
36.37753,297.05893
36.35062,297.0506
36.32725,297.04008
36.30382,297.03827
36.27977,297.0392
36.2581,297.03908
36.23698,297.04352
36.21492,297.05308
36.19082,297.05892
36.1686,297.06233
36.14945,297.06775
36.13222,297.07793
36.11675,297.09443
36.1019,297.11217
36.08807,297.13217
36.07392,297.15127
36.05935,297.17028
36.05078,297.18998
36.0463,297.21398
36.041,297.23822
36.0401,297.26003
36.04353,297.28503
36.04707,297.31288
36.05138,297.34375
36.05428,297.37572
36.05742,297.40242
36.06157,297.42677
36.06605,297.44682
36.07418,297.46412
36.08603,297.47828
36.09848,297.49233
36.11537,297.50498
36.13677,297.5236
36.15173,297.53918
36.16912,297.55047
36.18615,297.56387
36.20733,297.58013
36.22162,297.59228
36.23897,297.60227
36.25797,297.61092
36.27785,297.61597
36.29513,297.6149
36.31528,297.61425
36.34042,297.61002
36.36315,297.60895
36.38967,297.60712
36.41625,297.60533
36.44455,297.60288
36.4689,297.59667
36.48878,297.59315
36.51045,297.5881
36.52963,297.5809
36.5488,297.57457
36.566,297.56245
36.57978,297.55523
36.59137,297.54937
36.60017,297.54648
36.60718,297.53515
36.608,297.51662
36.61317,297.49622
36.61843,297.48025
36.62242,297.46095
36.62823,297.4418
36.63152,297.42148
36.63213,297.40378
36.63467,297.38065
36.63902,297.35945
36.64148,297.34325
36.64595,297.32667
36.64755,297.31315
36.6477,297.29848
36.64665,297.28688
36.6438,297.27863
36.6353,297.2766
36.61998,297.26848
36.60197,297.2558
36.58147,297.24218
36.56428,297.22575
36.54775,297.20653
36.53258,297.18613
36.51978,297.16723
36.50745,297.15292
36.49658,297.1421
36.48583,297.13227
36.47542,297.12548
36.46243,297.12103
36.45048,297.11848
36.43813,297.11943
36.42152,297.12282
36.4019,297.12717
36.38322,297.12877
36.36283,297.1343
36.34087,297.14002
36.32117,297.14585
36.30575,297.15375
36.29212,297.16108
36.2768,297.1688
36.26542,297.17462
36.2557,297.18063
36.24792,297.18638
36.24372,297.19365
36.24038,297.20438
36.24055,297.21687
36.2447,297.23297
36.24705,297.25253
36.2481,297.27752
36.2477,297.30425
36.24432,297.32693
36.24313,297.34763
36.23967,297.36552
36.24093,297.37567
36.2488,297.38033
36.26023,297.38662
36.27217,297.38958
36.28925,297.39548
36.30895,297.40188
36.32985,297.40937
36.35162,297.41858
36.37365,297.42928
36.39447,297.44018
36.41253,297.45113
36.43202,297.46017
36.44787,297.46932
36.46342,297.47285
36.47682,297.47507
36.49297,297.47217
36.5117,297.46477
36.5289,297.45658
36.54367,297.44737
36.55707,297.43467
36.57122,297.4154
36.5904,297.39695
36.60932,297.38068
36.62837,297.36423
36.6486,297.34883
36.66508,297.3352
36.6806,297.32813
36.69125,297.31717
36.69967,297.30432
36.70798,297.29022
36.71543,297.27437
36.72147,297.26048
36.72462,297.24547
36.72752,297.22845
36.72688,297.2104
36.73108,297.1901
36.73787,297.17235
36.74118,297.1545
36.74325,297.13803
36.74398,297.1165
