23.45207,293.14903
23.45433,293.1495
23.45632,293.149
23.4588,293.1491
23.46148,293.14963
23.46508,293.15057
23.46917,293.15127
23.47428,293.1525
23.48018,293.1549
23.48607,293.15938
23.48983,293.1645
23.49208,293.17092
23.49373,293.17737
23.49525,293.1831
23.49593,293.18657
23.49658,293.1894
23.49848,293.19203
23.50157,293.1946
23.50695,293.19755
23.51385,293.20162
23.5216,293.20822
23.52817,293.21528
23.5332,293.22175
23.5366,293.22638
23.53798,293.22885
23.53948,293.22927
23.54103,293.2292
23.54242,293.22777
23.54553,293.2241
23.54918,293.221
23.55512,293.2191
23.56188,293.21773
23.5674,293.21893
23.57212,293.22112
23.57638,293.223
23.5783,293.22468
23.5815,293.22505
23.5852,293.2233
23.59008,293.22132
23.59687,293.21855
23.60393,293.2163
23.6131,293.2144
23.62145,293.21383
23.62827,293.21313
23.63222,293.21193
23.6362,293.2085
23.63965,293.20198
23.64403,293.19255
23.64832,293.1803
23.6521,293.16668
23.65552,293.15312
23.65727,293.13903
23.65795,293.12427
23.65955,293.10997
23.66178,293.09643
23.66395,293.08593
23.66597,293.07602
23.66763,293.06738
23.66883,293.05677
23.66967,293.04565
23.6699,293.03388
23.67102,293.02167
23.67168,293.01002
23.67273,292.9985
23.6736,292.98753
23.67423,292.9757
23.67553,292.96347
23.67603,292.95267
23.67533,292.94242
23.6732,292.93167
23.66968,292.9196
23.66655,292.90645
23.6633,292.89313
23.66137,292.87952
23.65892,292.8659
23.65788,292.85318
23.65592,292.84467
23.6539,292.83908
23.65103,292.83448
23.64513,292.83088
23.6367,292.82558
23.62775,292.81778
23.62058,292.80858
23.61347,292.79762
23.60825,292.78788
23.60477,292.77903
23.60258,292.77063
23.60028,292.76277
23.59805,292.75538
23.59617,292.74748
23.59437,292.7405
23.59103,292.73285
23.58737,292.72452
23.58313,292.71595
23.57983,292.7076
23.57652,292.70012
23.57398,292.69242
23.57163,292.68442
23.57162,292.6749
23.57295,292.6673
23.57528,292.66263
23.57617,292.66037
23.57468,292.65893
23.57053,292.6591
23.56455,292.65808
23.55657,292.65647
23.54922,292.65428
23.54388,292.65182
23.53827,292.64827
23.53308,292.64317
23.5296,292.63722
23.5278,292.63003
23.52725,292.62162
23.52477,292.61297
23.52163,292.605
23.51897,292.59632
23.51788,292.58678
23.51908,292.57795
23.51967,292.56753
23.52153,292.55445
23.52498,292.54203
23.52848,292.53148
23.53262,292.52183
23.53663,292.51358
23.53897,292.50593
23.54178,292.49998
23.54357,292.49525
23.54307,292.49123
23.54127,292.48703
23.53883,292.48343
23.53618,292.48103
23.53283,292.4783
23.52887,292.4734
23.52523,292.46637
23.52315,292.45732
23.52085,292.44895
23.51955,292.4413
23.51797,292.43237
23.51533,292.42328
23.51203,292.41425
23.50897,292.40383
23.50615,292.39268
23.50275,292.38065
23.49982,292.3691
23.49822,292.35703
23.49862,292.3453
23.50038,292.334
23.50325,292.3239
23.50607,292.31453
23.50757,292.30767
23.50845,292.30185
23.50885,292.2947
23.50762,292.28715
23.50585,292.27872
23.50373,292.26945
23.501,292.2608
23.49792,292.25298
23.49465,292.24538
23.49342,292.238
23.49347,292.23023
23.49235,292.22338
23.49183,292.21617
23.49085,292.20807
23.48767,292.1998
23.48467,292.19135
23.48143,292.18148
23.4776,292.17083
23.47288,292.15962
23.46948,292.14732
23.46577,292.13507
23.46377,292.12247
23.46348,292.1106
23.46623,292.09998
23.46932,292.08988
23.47093,292.08027
23.4719,292.07212
23.47093,292.06445
23.46838,292.05635
23.46505,292.04808
23.4611,292.03932
23.45665,292.03068
23.45193,292.02118
23.44797,292.00992
23.44503,291.99757
23.4433,291.98507
23.44158,291.97157
23.44038,291.95632
23.4391,291.94038
23.436,291.92373
23.43327,291.90735
23.43165,291.88865
23.4305,291.87138
23.43077,291.85557
23.43013,291.84012
23.42933,291.82537
23.42938,291.81062
23.42933,291.79542
23.43045,291.77958
23.43395,291.76495
23.4374,291.75223
23.44083,291.74072
23.44285,291.73057
23.442,291.72052
23.44035,291.70925
23.43818,291.69847
23.43615,291.68803
23.43248,291.67677
23.4289,291.6639
23.42772,291.65138
23.42632,291.63827
23.42493,291.62373
23.42282,291.60912
23.42145,291.59322
23.41943,291.5781
23.4173,291.56323
23.41487,291.549
23.41198,291.53397
23.41038,291.51897
23.4103,291.50167
23.40987,291.48478
23.41315,291.46815
23.41702,291.45103
23.42082,291.43353
23.42532,291.41647
23.42933,291.40027
23.43218,291.38452
23.43525,291.36983
23.4379,291.35538
23.44283,291.34163
23.44855,291.32773
23.4537,291.31463
23.45662,291.30272
23.45882,291.29117
23.46005,291.27728
23.46208,291.26127
23.46485,291.24308
23.46865,291.2237
23.47495,291.20388
23.48297,291.18462
23.49253,291.16835
23.50133,291.15452
23.51038,291.14195
23.51708,291.13183
23.52003,291.12247
23.52175,291.11383
23.52185,291.10593
23.52018,291.09645
23.51748,291.08623
23.5153,291.07547
23.51177,291.06573
23.50753,291.05547
23.50145,291.0445
23.49613,291.03577
23.48885,291.028
23.4806,291.0188
23.47083,291.00812
23.45782,290.99552
23.44628,290.98297
23.43587,290.97048
23.4272,290.95872
23.41897,290.94688
23.41232,290.93438
23.40717,290.92097
23.40177,290.90967
23.39727,290.89988
23.39362,290.89238
23.38948,290.88735
23.38383,290.88383
23.3778,290.8811
23.37073,290.87867
23.36328,290.87598
23.35618,290.87383
23.34807,290.87157
23.33893,290.86885
23.32937,290.86535
23.32007,290.86045
23.31097,290.85507
23.30223,290.84982
23.29457,290.84408
23.28813,290.8367
23.28192,290.82772
23.2768,290.81842
23.27343,290.809
23.27118,290.7991
23.2699,290.78897
23.26958,290.77887
23.27003,290.76863
23.27255,290.75848
23.2752,290.74967
23.27792,290.74323
23.28047,290.73892
23.28192,290.73638
23.28228,290.7331
23.28198,290.73148
23.2832,290.72988
23.28505,290.7297
23.2863,290.72972
23.28597,290.72925
23.28522,290.72828
23.28367,290.7269
23.28142,290.72443
23.27838,290.72165
23.27633,290.71848
23.2764,290.71532
23.27662,290.71372
23.2768,290.71285
23.27665,290.71203
23.27528,290.71123
23.27435,290.70938
23.27315,290.7063
23.2704,290.70212
23.26693,290.69718
23.26453,290.692
23.26353,290.68638
23.26283,290.681
23.26313,290.67638
23.2648,290.67263
23.26665,290.6695
23.26942,290.66777
23.27153,290.66685
23.27287,290.66702
23.27285,290.66713
23.27345,290.6675
23.27297,290.66763
23.27425,290.66673
23.27533,290.66658
23.27808,290.66862
23.28178,290.671
23.2861,290.67535
23.29008,290.6826
23.29342,290.69133
23.29503,290.70173
23.29407,290.71193
23.29225,290.72295
23.2873,290.73393
23.28008,290.74422
23.27125,290.75222
23.26312,290.75752
23.25633,290.76155
23.2513,290.76462
23.24752,290.76755
23.24622,290.7692
23.24823,290.77058
23.25055,290.7701
23.25398,290.77112
23.25637,290.77378
23.25693,290.77712
23.2573,290.7812
23.25835,290.78508
23.25977,290.78935
23.26225,290.79315
23.26828,290.79577
23.2752,290.79632
23.28225,290.79698
23.28927,290.79655
23.29663,290.796
23.30372,290.79488
23.30782,290.79262
23.30948,290.7898
23.30947,290.78387
23.30745,290.7765
23.30338,290.76848
23.2988,290.76042
23.2948,290.75333
23.29018,290.74602
23.28652,290.73867
23.28373,290.73118
23.28123,290.72487
23.27822,290.71913
23.27617,290.71283
23.27367,290.7065
23.27097,290.70043
23.26792,290.6952
23.26447,290.68922
23.26143,290.68442
23.25777,290.67862
23.25602,290.6726
23.25485,290.66857
23.2541,290.66475
23.2542,290.66242
23.25405,290.66048
23.25397,290.65962
23.25275,290.65952
23.25122,290.65925
23.24892,290.65822
23.24522,290.65602
23.2416,290.65287
23.23683,290.65033
23.23252,290.64793
23.22782,290.64507
23.22327,290.64272
23.21798,290.63862
23.21338,290.63397
23.20912,290.63015
23.20472,290.62637
23.20068,290.62118
23.1979,290.61553
23.19562,290.6098
23.19425,290.60397
23.1948,290.59985
23.19548,290.5962
23.19593,290.59282
23.19665,290.58922
23.19667,290.58603
23.19682,290.583
23.1968,290.58112
23.19697,290.58022
23.19645,290.57897
23.19525,290.57773
23.19352,290.5764
23.19232,290.5744
23.19017,290.57298
23.18788,290.57085
23.18483,290.5699
23.18115,290.56832
23.17727,290.5668
23.17328,290.56575
23.1697,290.56387
23.16648,290.56118
23.16257,290.5577
23.15983,290.55333
23.15727,290.5487
23.15618,290.54358
23.15502,290.5373
23.15385,290.53055
23.15343,290.52417
23.1537,290.51842
23.15368,290.51433
23.15367,290.51033
23.15488,290.50597
23.15665,290.50075
23.15843,290.4954
23.16018,290.48922
23.16297,290.48335
23.16528,290.47753
23.16573,290.47222
23.16615,290.46643
23.16635,290.46107
23.1671,290.4559
23.16757,290.45108
23.16812,290.44617
23.16978,290.44148
23.17058,290.4373
23.17237,290.43418
23.17402,290.43045
23.17705,290.42685
23.18078,290.42352
23.18365,290.42072
23.1859,290.41848
23.18707,290.41482
23.18748,290.41028
23.18803,290.40518
23.18775,290.39955
23.18788,290.39318
23.1888,290.38753
23.18948,290.3818
23.1904,290.37547
23.19098,290.36868
23.1914,290.36152
23.19243,290.35375
23.19402,290.345
23.19557,290.33637
23.19618,290.32813
23.19683,290.32095
23.19718,290.31288
23.19788,290.30395
23.1997,290.29438
23.2021,290.28428
23.205,290.27438
23.20962,290.26467
23.21628,290.25525
23.22637,290.24657
23.23742,290.23825
23.24825,290.2316
23.25803,290.22662
23.26875,290.22243
23.27778,290.21973
23.28485,290.21688
23.29125,290.21437
23.2978,290.2127
23.30472,290.21138
23.3117,290.2106
23.3158,290.2096
23.31765,290.20713
23.31953,290.20228
23.3216,290.19677
23.32248,290.1914
23.32298,290.18563
23.32327,290.17807
23.32383,290.17083
23.32437,290.16372
23.32533,290.15557
23.32782,290.1462
23.33118,290.13512
23.33583,290.12332
23.34245,290.11212
23.3508,290.10092
23.36043,290.08985
23.36958,290.07912
23.37988,290.06773
23.39085,290.058
23.40033,290.05037
23.40855,290.04365
23.41618,290.03665
23.42357,290.03033
23.4311,290.02293
23.43815,290.01442
23.4461,290.00408
23.4539,289.99242
23.46175,289.97945
23.47052,289.96647
23.47987,289.9545
23.4907,289.94277
23.50225,289.93253
23.51382,289.92307
23.52578,289.91313
23.5379,289.90415
23.55047,289.89652
23.56333,289.88808
23.57542,289.87873
23.58723,289.8697
23.59925,289.86033
23.61118,289.8504
23.62338,289.84018
23.63537,289.82868
23.64773,289.81667
23.66077,289.80387
23.67418,289.79043
23.68997,289.77645
23.70612,289.76192
23.72115,289.74777
23.73597,289.73455
23.75122,289.72277
23.76708,289.7126
23.78312,289.70323
23.79903,289.69333
23.81478,289.68258
23.82985,289.67178
23.8444,289.66042
23.8601,289.6483
23.87638,289.63603
23.89382,289.62462
23.91192,289.61207
23.93142,289.59855
23.95272,289.58628
23.9757,289.57437
24.00092,289.5631
24.02545,289.55275
24.04955,289.54418
24.07282,289.53623
24.09472,289.52825
24.11452,289.521
