24.03797,291.4846
24.04437,291.47192
24.0506,291.46047
24.05727,291.4496
24.06407,291.43915
24.07185,291.42918
24.07983,291.42023
24.08813,291.4117
24.09768,291.40242
24.1078,291.39392
24.11823,291.38657
24.12862,291.38047
24.13963,291.37465
24.15007,291.3693
24.16022,291.36445
24.17072,291.35897
24.18135,291.35247
24.1921,291.34618
24.20332,291.33993
24.21493,291.33452
24.22608,291.3301
24.23552,291.3256
24.24143,291.31807
24.2464,291.3101
24.25075,291.30153
24.2556,291.29185
24.2623,291.2821
24.26957,291.2721
24.27588,291.26247
24.28292,291.253
24.28968,291.24348
24.29625,291.23472
24.30187,291.22625
24.30737,291.21693
24.31375,291.2071
24.32042,291.19775
24.3277,291.18795
24.33613,291.1781
24.34675,291.16852
24.35732,291.16045
24.3681,291.15308
24.37885,291.14533
24.38937,291.1371
24.3986,291.12818
24.40773,291.11852
24.4164,291.10913
24.42462,291.10025
24.43265,291.09317
24.43995,291.08658
24.4472,291.08027
24.45428,291.07435
24.46083,291.06818
24.46673,291.05982
24.47325,291.05107
24.47997,291.04042
24.4884,291.02838
24.49733,291.01483
24.50595,291.00227
24.51512,290.99065
24.52467,290.98045
24.53407,290.97123
24.5425,290.96297
24.55003,290.95527
24.55838,290.94838
24.56715,290.9425
24.57668,290.93572
24.58547,290.92885
24.59328,290.92122
24.60253,290.91318
24.61325,290.9061
24.62403,290.89993
24.6348,290.89553
24.64572,290.89183
24.65542,290.88958
24.6651,290.88822
24.6743,290.88802
24.68227,290.88707
24.68953,290.8856
24.69602,290.88522
24.70198,290.8855
24.70668,290.886
24.712,290.88608
24.71812,290.88602
24.72668,290.88492
24.73653,290.88332
24.74835,290.88112
24.7624,290.87865
24.78017,290.87647
24.79945,290.87555
24.82003,290.87602
24.84073,290.87613
24.86283,290.8766
24.88558,290.87735
24.9067,290.87737
24.92617,290.87542
24.94297,290.87192
24.95645,290.86472
24.96487,290.85398
24.96952,290.84042
24.97102,290.82612
24.97125,290.81312
24.96832,290.79937
24.96275,290.7869
24.95605,290.77483
24.94948,290.76317
24.94123,290.75312
24.93105,290.74448
24.91978,290.73582
24.90863,290.72517
24.8994,290.71385
24.89207,290.70107
24.88873,290.6905
24.88763,290.6821
24.888,290.67523
24.89015,290.66883
24.89262,290.66293
24.89483,290.65773
24.89587,290.65357
24.89562,290.64847
24.89553,290.6425
24.89565,290.63533
24.89635,290.62793
24.89788,290.62165
24.89917,290.6164
24.90202,290.61197
24.90373,290.60792
24.90422,290.60433
24.90468,290.59877
24.9051,290.59273
24.90512,290.58533
24.90372,290.57703
24.90472,290.56892
24.90688,290.56137
24.91043,290.55315
24.91423,290.54368
24.919,290.53408
24.92495,290.52433
24.93092,290.51487
24.93787,290.50513
24.94542,290.49598
24.95302,290.48713
24.96053,290.4782
24.96747,290.46952
24.9742,290.46083
24.97958,290.45243
24.98473,290.4449
24.9903,290.43737
24.99652,290.42988
25.00217,290.42275
25.00747,290.41527
25.01295,290.40727
25.01883,290.39912
25.024,290.38937
25.02897,290.38008
25.03233,290.37082
25.03467,290.36173
25.03543,290.35243
25.03578,290.3415
25.03663,290.32967
25.03897,290.31703
25.04332,290.3023
25.05035,290.2862
25.05918,290.27057
25.06922,290.25533
25.07948,290.24115
25.08938,290.22875
25.09772,290.21787
25.106,290.20892
25.11305,290.20083
25.11853,290.19388
25.12135,290.1869
25.12263,290.17888
25.12422,290.17002
25.12612,290.15975
25.12895,290.14897
25.13242,290.13848
25.13608,290.12865
25.13957,290.11863
25.14213,290.1089
25.14238,290.09828
25.14042,290.08737
25.13948,290.07542
25.14023,290.06278
25.14153,290.04962
25.14282,290.03635
25.14367,290.0216
25.14652,290.00612
25.15053,289.99073
25.15557,289.97538
25.16265,289.96005
25.16985,289.94567
25.17635,289.9336
25.18288,289.92195
25.18922,289.911
25.19477,289.8995
25.2002,289.88782
25.2059,289.87705
25.21033,289.86662
25.21332,289.85632
25.21543,289.8464
25.21792,289.8366
25.22025,289.82648
25.22247,289.81558
25.22542,289.8038
25.2285,289.7929
25.2323,289.7829
25.2362,289.77383
25.24013,289.7638
25.24472,289.75305
25.24903,289.74178
25.25273,289.73008
25.2559,289.71808
25.25905,289.7066
25.26213,289.69597
25.26593,289.6846
25.2695,289.67362
25.27285,289.66313
25.27542,289.65218
25.2788,289.6406
25.28422,289.62983
25.28982,289.61948
25.29593,289.60955
25.30275,289.60102
25.30782,289.59293
25.31347,289.58487
25.31935,289.57862
25.32132,289.57018
25.32455,289.56237
25.3295,289.5558
25.33412,289.5499
25.33907,289.54303
25.34372,289.53605
25.34858,289.52952
25.35328,289.52317
25.35725,289.51503
25.36043,289.50605
25.36453,289.49722
25.36908,289.48883
25.37495,289.48005
25.38063,289.47212
25.3859,289.46423
25.3906,289.45628
25.39583,289.44852
25.39982,289.44073
25.40392,289.432
25.40897,289.4241
25.41413,289.41645
25.42033,289.40777
25.42687,289.4019
25.43442,289.39663
25.44185,289.39123
25.44973,289.38568
25.458,289.37952
25.46722,289.37345
25.47742,289.36838
25.48833,289.36403
25.4993,289.35937
25.51075,289.35483
25.52223,289.35032
25.5342,289.34597
25.54673,289.34297
25.56017,289.34058
25.57375,289.33792
25.58583,289.33432
25.59672,289.33155
25.606,289.32945
25.61485,289.32767
25.6241,289.32487
25.63337,289.32147
25.64258,289.31842
25.65085,289.31417
25.66033,289.30945
25.66938,289.30372
25.68028,289.2972
25.69237,289.29185
25.70433,289.28708
25.71618,289.28332
25.72858,289.28055
25.74035,289.27875
25.7497,289.27818
25.75712,289.2764
25.7643,289.27387
25.77168,289.27145
25.77872,289.26857
25.78462,289.26467
25.79125,289.25998
25.79923,289.25438
25.80755,289.24898
25.81445,289.24353
25.82077,289.23905
25.82672,289.23512
25.83227,289.2312
25.83648,289.22728
25.83983,289.2244
25.84325,289.22128
25.84643,289.21765
25.84983,289.2144
25.8538,289.21162
25.85788,289.2082
25.86155,289.20492
25.86538,289.20178
25.86878,289.1984
25.87295,289.19395
25.87842,289.18928
25.88347,289.18507
25.88927,289.18187
25.8961,289.181
25.90243,289.18232
25.90885,289.18517
25.9151,289.18923
25.92047,289.19358
25.9242,289.199
25.9262,289.20385
25.92692,289.20695
25.92832,289.20898
25.93068,289.21015
25.9319,289.21095
25.93353,289.21282
25.93483,289.21465
25.93722,289.2173
25.94012,289.21942
25.94285,289.2223
25.94522,289.22485
25.94753,289.22875
25.94937,289.23417
25.95187,289.23878
25.95572,289.24377
25.96022,289.24973
25.96397,289.25617
25.96792,289.26463
25.97193,289.27472
25.97635,289.28575
25.98078,289.29872
25.98428,289.31315
25.98675,289.32683
25.98725,289.33892
25.9867,289.3489
25.9867,289.35698
25.98712,289.36468
25.98823,289.37287
25.98955,289.38122
25.99107,289.39012
25.99393,289.39825
25.99667,289.40688
26.00048,289.41463
26.0031,289.42115
26.00653,289.42818
26.01105,289.43553
26.0158,289.44373
26.02092,289.45208
26.02853,289.4609
26.03705,289.47188
26.04533,289.48522
26.0535,289.50085
26.05988,289.51713
26.06485,289.53478
26.06785,289.5521
26.06933,289.5693
26.07025,289.58628
26.0699,289.60188
26.06757,289.61455
26.06453,289.6236
26.0616,289.63118
26.05957,289.63815
26.05917,289.64355
26.06003,289.64807
26.06287,289.65408
26.06578,289.66025
26.06813,289.66655
26.07117,289.67243
26.07563,289.67883
26.08177,289.68577
26.08782,289.69238
26.09413,289.69833
26.10125,289.70445
26.10948,289.71125
26.11812,289.7182
26.12663,289.72622
26.13457,289.73578
26.14235,289.74725
26.14935,289.7603
26.15442,289.7744
26.15903,289.78893
26.16212,289.80365
26.16362,289.81683
26.16348,289.82782
26.16337,289.83733
26.16313,289.84533
26.16197,289.85333
26.16002,289.86118
26.15845,289.8676
26.15622,289.87438
26.15378,289.87987
26.15297,289.88448
26.1518,289.88803
26.15108,289.89082
26.15333,289.89348
26.15737,289.8953
26.16157,289.89763
26.1675,289.89983
26.17555,289.90278
26.18372,289.90647
26.19062,289.90975
26.19745,289.91403
26.20543,289.91963
26.21465,289.92835
26.22258,289.94057
26.22968,289.95513
26.23485,289.97087
26.23688,289.98848
26.23652,290.00638
26.23623,290.02348
26.23362,290.04127
26.22927,290.0586
26.2243,290.07635
26.21795,290.09298
26.21143,290.10667
26.2041,290.1193
26.19672,290.13158
26.19022,290.14155
26.1846,290.15168
26.1797,290.1603
26.17542,290.16787
26.17282,290.174
26.17252,290.1787
26.17308,290.18363
26.17582,290.19057
26.17878,290.19883
26.183,290.20932
26.18865,290.22252
26.19503,290.23757
26.19995,290.25332
26.20303,290.27058
26.20553,290.287
26.20743,290.30652
26.20708,290.32483
26.20537,290.34277
26.2021,290.3599
26.197,290.37677
26.19175,290.39357
26.18678,290.40952
26.182,290.42342
26.17743,290.43318
26.17543,290.44052
26.17462,290.44752
26.17563,290.45363
26.17968,290.4608
26.18573,290.4685
26.19282,290.4775
26.20045,290.48585
26.20862,290.49475
26.21677,290.50377
26.22427,290.51422
26.23262,290.52727
26.24122,290.54355
26.24922,290.55985
26.25622,290.57772
26.2626,290.59617
26.2678,290.6139
26.27207,290.6322
26.27463,290.64922
26.27723,290.6655
26.27865,290.6822
26.27882,290.69627
26.28062,290.70785
26.28428,290.71767
26.28893,290.72682
26.29435,290.73558
26.30095,290.7431
26.308,290.74903
26.3173,290.75655
26.32718,290.76522
26.33835,290.77463
26.34912,290.7851
26.36037,290.795
26.3732,290.80682
26.38622,290.81667
26.40045,290.82677
26.41475,290.83772
26.42803,290.85042
26.44047,290.86423
26.4509,290.87793
26.46047,290.88937
26.46805,290.89803
26.47545,290.90443
26.48225,290.9096
26.491,290.91202
26.50137,290.9141
26.51218,290.9167
26.52353,290.91708
26.53682,290.91783
26.55185,290.91817
26.56845,290.91808
26.587,290.91892
26.60658,290.92093
26.62673,290.92207
26.6475,290.92333
26.66857,290.92538
26.68968,290.92845
26.70953,290.93338
26.7274,290.93848
26.74417,290.94277
26.76082,290.94785
26.77618,290.95332
26.78963,290.95792
26.80127,290.96055
26.81178,290.96053
26.82193,290.95787
26.83393,290.95363
26.84585,290.94777
26.85822,290.94107
26.87142,290.93433
26.88555,290.92672
26.90073,290.91973
26.91388,290.91207
26.92777,290.9045
26.9418,290.89673
26.95585,290.88893
26.96942,290.88188
26.9841,290.87377
26.99927,290.86638
27.01498,290.86018
27.03155,290.8554
27.04807,290.85125
27.06345,290.84825
27.07755,290.84547
27.09098,290.84358
27.10392,290.84133
27.11537,290.83832
27.12548,290.8362
27.13573,290.8333
27.14527,290.8299
27.1543,290.82707
27.16342,290.82407
27.17205,290.82092
27.1796,290.81875
27.1883,290.8161
27.19542,290.81268
27.20153,290.80777
27.20765,290.8025
27.21395,290.79768
27.22055,290.79243
27.22728,290.78657
27.23525,290.78047
27.24532,290.77363
27.2561,290.76777
27.2676,290.76158
27.2796,290.75675
27.29178,290.75343
27.30343,290.75142
27.3149,290.7509
27.32547,290.75015
27.33457,290.75043
