30.87312,330.38032
30.87295,330.37778
30.87038,330.37587
30.86448,330.372
30.85862,330.3671
30.85672,330.36188
30.85603,330.3571
30.8566,330.3541
30.86093,330.35257
30.8658,330.35208
30.87043,330.35502
30.87595,330.36248
30.87887,330.36823
30.87655,330.37155
30.87133,330.37358
30.86213,330.373
30.85167,330.36888
30.84208,330.36228
30.83487,330.35715
30.8294,330.35348
30.8242,330.34937
30.82238,330.34322
30.8234,330.33505
30.82608,330.32883
30.8273,330.32515
30.82835,330.32322
30.82783,330.32165
30.82617,330.31947
30.82248,330.3156
30.81823,330.31147
30.8141,330.30877
30.8101,330.30588
30.80715,330.30253
30.80852,330.29932
30.81127,330.29958
30.81413,330.30023
30.81575,330.30258
30.81167,330.30745
30.80715,330.31208
30.8001,330.316
30.79318,330.31492
30.78598,330.31317
30.77668,330.30917
30.76518,330.3037
30.75703,330.29798
30.75198,330.29267
30.74752,330.28765
30.74637,330.28272
30.74625,330.27937
30.7481,330.27908
30.75088,330.27877
30.7504,330.27978
30.74792,330.27922
30.74468,330.2791
30.74303,330.28072
30.74102,330.28313
30.74018,330.28503
30.7383,330.28895
30.73857,330.29288
30.74065,330.29793
30.74327,330.30352
30.7453,330.3138
30.7444,330.32335
30.73968,330.33568
30.73103,330.34675
30.71747,330.35648
30.70435,330.36253
30.69228,330.364
30.68082,330.35987
30.6738,330.35407
30.66718,330.3486
30.66032,330.34242
30.65325,330.33423
30.64782,330.32515
30.64412,330.31773
30.64223,330.31057
30.64268,330.30242
30.64588,330.2965
30.65052,330.29168
30.65233,330.28907
30.65235,330.28395
30.65558,330.27863
30.65995,330.27477
30.6602,330.27178
30.65993,330.26943
30.6603,330.26917
30.66057,330.26938
30.66152,330.2707
30.65983,330.27183
30.65742,330.26982
30.65473,330.26777
30.64997,330.26447
30.64405,330.25915
30.64302,330.25378
30.6419,330.24718
30.64103,330.23723
30.64305,330.22817
30.64522,330.22093
30.64782,330.21438
30.65207,330.20785
30.6587,330.20262
30.664,330.20015
30.6652,330.19727
30.66543,330.19158
30.66658,330.18527
30.66762,330.17877
30.66927,330.17113
30.66993,330.1642
30.6724,330.15852
30.67667,330.15117
30.67983,330.14438
30.68442,330.13737
30.69093,330.12885
30.69842,330.12212
30.70155,330.11908
30.70133,330.11715
30.6974,330.1118
30.69357,330.10378
30.6918,330.09572
30.68958,330.0886
30.68923,330.07978
30.68917,330.07173
30.69123,330.06563
30.6945,330.06397
30.69717,330.06382
30.69752,330.06252
30.6983,330.0608
30.70073,330.06072
30.69875,330.06245
30.69575,330.06285
30.6919,330.05867
30.69115,330.05337
30.68955,330.04923
30.69133,330.04347
30.69543,330.03702
30.70108,330.03228
30.71003,330.02962
30.71828,330.02772
30.72262,330.02685
30.7272,330.02333
30.72892,330.0232
30.72763,330.0223
30.72518,330.02098
30.7238,330.01785
30.72203,330.01277
30.72168,330.0073
30.72313,330.00263
30.72438,329.99955
30.72413,329.99873
30.72307,329.9979
30.7241,329.99722
30.72443,329.9978
30.72115,329.99655
30.71572,329.99243
30.71205,329.98697
30.7133,329.9816
30.71135,329.97537
30.71057,329.96837
30.71148,329.96145
30.71348,329.95478
30.71818,329.94807
30.7244,329.94243
30.73107,329.93865
30.73327,329.93667
30.73568,329.9376
30.73527,329.93703
30.73323,329.9357
30.73125,329.93463
30.72805,329.93355
30.72552,329.93248
30.72215,329.92943
30.71897,329.92585
30.71572,329.92127
30.71248,329.91383
30.71293,329.90652
30.71475,329.90157
30.71537,329.8986
30.71425,329.89597
30.7116,329.8927
30.70728,329.89108
30.70228,329.88822
30.69597,329.88242
30.68917,329.87378
30.68188,329.86577
30.67557,329.85638
30.67057,329.84785
30.6692,329.8393
30.66997,329.83175
30.67037,329.82692
30.67118,329.82315
30.67055,329.82225
30.6677,329.81973
30.66208,329.8155
30.65485,329.80942
30.64772,329.80308
30.6379,329.79607
30.63065,329.78783
30.62512,329.78062
30.6198,329.77292
30.61713,329.76655
30.61525,329.76382
30.61367,329.76218
30.61113,329.75962
30.6087,329.75663
30.6037,329.75368
30.59577,329.74947
30.58762,329.74485
30.58158,329.73995
30.57507,329.73467
30.56833,329.72882
30.56307,329.72522
30.55802,329.72037
30.5541,329.7143
30.55113,329.70828
30.54965,329.70528
30.54573,329.70508
30.53928,329.70327
30.53257,329.7
30.52745,329.69692
30.52183,329.69405
30.51565,329.69092
30.5095,329.68643
30.50417,329.68138
30.49978,329.68047
30.4954,329.68175
30.49257,329.68473
30.4878,329.69012
30.48258,329.6935
30.47553,329.6976
30.46703,329.69913
30.45827,329.70023
30.44693,329.70198
30.43425,329.70238
30.42178,329.70047
30.41033,329.69563
30.40045,329.69087
30.39278,329.68622
30.38843,329.68135
30.38715,329.68033
30.38528,329.68225
30.38275,329.683
30.38118,329.68423
30.37962,329.68688
30.37595,329.69097
30.37135,329.6934
30.36485,329.69568
30.35993,329.69777
30.35717,329.70218
30.35298,329.70813
30.34952,329.71207
30.34548,329.7166
30.34135,329.7208
30.33728,329.72405
30.3316,329.72658
30.32593,329.72743
30.31963,329.7242
30.3112,329.71733
30.30372,329.71072
30.29703,329.70473
30.29125,329.69867
30.28563,329.69265
30.28158,329.68542
30.27963,329.67845
30.27885,329.67202
30.28247,329.6674
30.28908,329.6674
30.29482,329.67042
30.2969,329.674
30.29757,329.67808
30.29713,329.68285
30.29492,329.68588
30.29247,329.6899
30.28773,329.69463
30.28305,329.6991
30.27968,329.70398
30.2766,329.70758
30.27193,329.70923
30.26908,329.70978
30.26245,329.7079
30.25467,329.70178
30.25013,329.69267
30.24692,329.68165
30.24455,329.66907
30.24207,329.65567
30.24223,329.64417
30.2461,329.63502
30.25033,329.62785
30.2543,329.62173
30.2614,329.61792
30.26858,329.61827
30.2718,329.61977
30.27263,329.6222
30.27085,329.6246
30.2692,329.62792
30.2649,329.62693
30.25952,329.62173
30.2555,329.61665
30.25092,329.61182
30.24797,329.60658
30.24607,329.60117
30.247,329.59548
30.24908,329.59037
30.25088,329.58403
30.25177,329.57542
30.25147,329.56487
30.25313,329.55633
30.2547,329.54965
30.25542,329.54168
30.25483,329.53247
30.25473,329.5253
30.2537,329.52108
30.25338,329.51683
30.25363,329.51315
30.254,329.51085
30.25445,329.50895
30.25377,329.50667
30.25152,329.50505
30.24787,329.504
30.24465,329.50092
30.2395,329.4979
30.2351,329.49428
30.23298,329.49285
30.22797,329.48988
30.22367,329.48643
30.22037,329.48192
30.21833,329.47877
30.21813,329.47398
30.21813,329.46918
30.22063,329.4618
30.22277,329.45393
30.22183,329.44733
30.2204,329.44218
30.22038,329.4373
30.21978,329.43162
30.2193,329.4244
30.21888,329.41625
30.21943,329.40745
30.21928,329.39913
30.2216,329.39167
30.22665,329.3882
30.23012,329.38612
30.23155,329.38327
30.232,329.38125
30.23078,329.37857
30.2294,329.375
30.22898,329.37013
30.22648,329.3629
30.22312,329.35355
30.22138,329.34337
30.22025,329.33193
30.22183,329.32092
30.22518,329.31055
30.23033,329.29937
30.23813,329.28897
30.24448,329.28228
30.25102,329.27655
30.25773,329.27295
30.25957,329.26885
30.26058,329.2635
30.26082,329.2567
30.26082,329.2494
30.26082,329.2421
30.26293,329.23578
30.26477,329.2287
30.26705,329.22405
30.26995,329.22077
30.27203,329.21872
30.27448,329.218
30.27488,329.21652
30.27168,329.21427
30.26493,329.20992
30.25928,329.2048
30.25335,329.19567
30.2475,329.18307
30.24352,329.16857
30.24368,329.15235
30.24692,329.1379
30.25013,329.12655
30.25512,329.1166
30.26012,329.11087
30.26192,329.10912
30.26205,329.10793
30.25818,329.10627
30.2535,329.10338
30.24765,329.09853
30.24123,329.09167
30.23745,329.08398
30.23368,329.07685
30.23055,329.07032
30.22655,329.06392
30.22415,329.0598
30.22202,329.05705
30.21867,329.0546
30.2153,329.05117
30.2124,329.04893
30.20775,329.04647
30.20348,329.0444
30.19835,329.03838
30.19298,329.02968
30.18797,329.0212
30.18497,329.01402
30.18302,329.00573
30.18287,328.99937
30.18037,328.9959
30.17628,328.99163
30.1757,328.98777
30.17533,328.98467
30.17288,328.98278
30.1683,328.98093
30.16358,328.97627
30.15773,328.96943
30.1531,328.96188
30.14922,328.95428
30.14708,328.94713
30.14688,328.94297
30.1451,328.93942
30.1453,328.93512
30.14675,328.93148
30.14767,328.92767
30.14947,328.92712
30.14792,328.92597
30.14567,328.9232
30.14342,328.92023
30.1409,328.91617
30.13748,328.9103
30.1332,328.90395
30.13083,328.90042
30.1275,328.89642
30.12452,328.89293
30.11978,328.88905
30.11665,328.88522
30.11527,328.88297
30.11183,328.87978
30.11002,328.87843
30.1066,328.87592
30.10222,328.87293
30.09778,328.86843
30.09248,328.86408
30.0854,328.85853
30.08107,328.85247
30.07765,328.84617
30.07585,328.84132
30.07732,328.8387
30.07828,328.83743
30.07677,328.8394
30.07205,328.83963
30.06813,328.83812
30.06405,328.8387
30.05637,328.8387
30.04913,328.8374
30.03943,328.83563
30.0283,328.83322
30.0182,328.83062
30.00815,328.82572
29.9988,328.82082
29.992,328.81497
29.98403,328.81065
29.97647,328.80613
29.96793,328.80043
29.96157,328.79233
29.9547,328.78363
29.94785,328.77677
29.94145,328.77178
29.93643,328.76688
29.93113,328.76107
29.92635,328.75705
29.9202,328.7547
29.91215,328.75182
29.90305,328.74845
29.89295,328.74487
29.88203,328.7418
29.87028,328.73683
29.8591,328.73027
29.8489,328.72328
29.83788,328.71698
29.82848,328.7098
29.82023,328.7029
29.81072,328.69735
29.8007,328.69087
29.7896,328.68535
29.7794,328.67948
29.76895,328.673
29.76072,328.66392
29.75297,328.65713
29.74705,328.64768
29.74028,328.63428
29.73543,328.62007
29.7311,328.60402
29.72898,328.58905
29.72677,328.57463
29.72567,328.56308
29.72392,328.5501
29.72122,328.53675
29.72105,328.52477
29.72187,328.51203
29.72237,328.50295
29.72377,328.49412
29.72452,328.48388
29.72917,328.47687
29.73512,328.47273
29.7358,328.47067
29.7356,328.46787
29.73248,328.46253
29.7287,328.45478
29.724,328.44605
29.72197,328.43822
29.71977,328.42945
29.71763,328.42088
29.71595,328.41313
29.71567,328.40558
29.71627,328.39833
29.71625,328.39263
29.71383,328.38642
29.71282,328.37892
29.71263,328.37207
29.71213,328.36453
29.7096,328.35302
29.70668,328.34077
29.70683,328.32747
29.70905,328.31468
29.71213,328.3007
29.71777,328.28867
29.72577,328.27832
29.7322,328.27212
29.73778,328.2709
29.73907,328.27003
29.73672,328.27027
29.73393,328.27133
29.72862,328.27073
29.72267,328.2661
29.71592,328.26258
29.70647,328.25837
29.6988,328.25148
29.69368,328.24298
29.69043,328.23447
29.68845,328.22745
29.68472,328.2214
29.6825,328.21698
29.67885,328.21425
29.6743,328.21018
29.66798,328.20413
29.66117,328.19575
29.656,328.18665
29.64912,328.1755
29.64397,328.16642
29.64,328.1577
29.63897,328.14987
29.63867,328.14178
29.63977,328.13533
29.63965,328.13195
29.63733,328.12932
29.63655,328.12475
