29.1741,329.00898
29.17072,328.99995
29.1658,328.99093
29.15883,328.9829
29.15058,328.9733
29.14337,328.9626
29.13472,328.9531
29.12488,328.94518
29.11423,328.93492
29.10302,328.92372
29.09208,328.91057
29.08675,328.89867
29.08002,328.88748
29.07332,328.87707
29.06917,328.86612
29.06695,328.85647
29.0663,328.84803
29.06442,328.84088
29.06115,328.83362
29.05858,328.82605
29.05415,328.81852
29.04915,328.81013
29.04218,328.80055
29.0353,328.79215
29.02833,328.7817
29.02253,328.77017
29.01972,328.76177
29.01862,328.75455
29.01825,328.75002
29.0168,328.74812
29.0125,328.74673
29.00758,328.74488
29.00058,328.7441
28.98957,328.7404
28.97893,328.73375
28.96528,328.72722
28.9548,328.71677
28.94817,328.70612
28.94162,328.69708
28.93545,328.68755
28.93113,328.67792
28.9282,328.66973
28.92547,328.66273
28.92303,328.65475
28.92058,328.64798
28.91782,328.64177
28.9152,328.63592
28.91282,328.62993
28.9074,328.62063
28.9051,328.6101
28.9042,328.60173
28.90332,328.59422
28.90447,328.58738
28.90443,328.5819
28.90395,328.57788
28.90258,328.57743
28.90027,328.57915
28.89643,328.581
28.88975,328.58063
28.88217,328.5779
28.87425,328.57287
28.86665,328.56702
28.85702,328.55745
28.84838,328.54443
28.8412,328.52975
28.8374,328.51573
28.83417,328.49883
28.83353,328.48338
28.8359,328.47108
28.83927,328.46038
28.8453,328.4507
28.84825,328.44232
28.85335,328.43637
28.85647,328.43175
28.85862,328.43122
28.8583,328.43112
28.8589,328.43073
28.8569,328.42872
28.85168,328.42458
28.84677,328.41825
28.8398,328.41138
28.83327,328.4026
28.82763,328.39292
28.82158,328.38192
28.81633,328.37047
28.81147,328.3577
28.80603,328.3425
28.80255,328.32673
28.80323,328.31028
28.80372,328.29542
28.80407,328.28147
28.80635,328.26733
28.81137,328.25557
28.81607,328.2448
28.81633,328.23622
28.8161,328.22642
28.81472,328.21698
28.81552,328.20702
28.8162,328.19918
28.81607,328.18937
28.8136,328.1775
28.81072,328.16525
28.80712,328.15313
28.80407,328.141
28.79932,328.1282
28.79828,328.11533
28.79855,328.10325
28.79778,328.09118
28.79647,328.07875
28.7946,328.06502
28.79357,328.05215
28.79038,328.03912
28.78858,328.02708
28.78927,328.01625
28.78835,328.00548
28.78948,327.99478
28.7897,327.98403
28.78812,327.97283
28.7857,327.96228
28.78315,327.95228
28.78078,327.94233
28.77798,327.93372
28.77465,327.92512
28.7694,327.91632
28.76397,327.90637
28.75938,327.89465
28.75767,327.88348
28.75418,327.87203
28.7483,327.85962
28.74323,327.84717
28.74272,327.83582
28.74408,327.82588
28.74718,327.816
28.75072,327.80677
28.7554,327.7946
28.75668,327.78205
28.75845,327.76868
28.76082,327.75752
28.76407,327.74898
28.76902,327.73963
28.77055,327.72828
28.77598,327.7195
28.7832,327.713
28.78773,327.70453
28.79375,327.69503
28.7961,327.68735
28.79733,327.68185
28.79695,327.67723
28.7937,327.67177
28.79018,327.66572
28.78732,327.65683
28.78443,327.64673
28.7803,327.63615
28.77598,327.62337
28.77253,327.60852
28.77085,327.59462
28.77087,327.58067
28.77273,327.5665
28.77592,327.55347
28.78002,327.5424
28.78472,327.53427
28.78883,327.52607
28.7925,327.51958
28.79377,327.5155
28.79327,327.51365
28.789,327.51105
28.78193,327.50578
28.77532,327.49967
28.76677,327.49117
28.75815,327.48025
28.75035,327.46753
28.74415,327.45398
28.7401,327.44217
28.7363,327.43128
28.73405,327.42065
28.73233,327.41093
28.7291,327.40373
28.7269,327.39457
28.72613,327.38625
28.72437,327.37768
28.72347,327.36838
28.72057,327.3596
28.71725,327.35158
28.71078,327.3421
28.70452,327.33397
28.69965,327.32643
28.6937,327.31768
28.68707,327.3089
28.67915,327.3008
28.67152,327.29328
28.66338,327.28667
28.65463,327.2793
28.64412,327.26795
28.63423,327.25337
28.62522,327.23772
28.61835,327.22123
28.61237,327.2077
28.6095,327.19463
28.60775,327.18112
28.60547,327.16872
28.60387,327.159
28.60297,327.15258
28.60147,327.14807
28.6013,327.14338
28.59948,327.13863
28.59683,327.13378
28.59293,327.12807
28.5868,327.12338
28.58005,327.11927
28.57353,327.11392
28.56523,327.10742
28.55645,327.09932
28.54795,327.0936
28.54082,327.08678
28.53428,327.08012
28.5268,327.07568
28.51882,327.07107
28.51113,327.06513
28.50568,327.06045
28.49982,327.05438
28.49417,327.04667
28.48912,327.03853
28.48507,327.0307
28.47977,327.0234
28.47505,327.0159
28.47182,327.0089
28.46948,327.00217
28.46637,326.99633
28.4623,326.99125
28.45978,326.98642
28.4572,326.98127
28.45363,326.97553
28.45032,326.96923
28.448,326.96218
28.44603,326.95312
28.44453,326.9469
28.44443,326.94298
28.44302,326.93883
28.44162,326.93608
28.43772,326.9329
28.43272,326.92893
28.42882,326.92553
28.4263,326.9226
28.42363,326.92148
28.41835,326.91975
28.41242,326.91815
28.40627,326.9157
28.3997,326.9115
28.39347,326.9062
28.38895,326.90165
28.38402,326.89573
28.38128,326.88948
28.38193,326.88422
28.38122,326.8801
28.3787,326.87345
28.37453,326.86495
28.37317,326.85662
28.37358,326.84847
28.37272,326.8414
28.37302,326.83362
28.3749,326.82692
28.3768,326.8209
28.37925,326.81643
28.38322,326.8132
28.38562,326.8128
28.38522,326.81295
28.3842,326.81465
28.38092,326.81295
28.37728,326.81035
28.37277,326.80755
28.36755,326.80457
28.36312,326.8012
28.3579,326.79622
28.35458,326.79077
28.35153,326.78405
28.34945,326.77698
28.34902,326.76993
28.3504,326.76458
28.35212,326.75842
28.35248,326.75115
28.35235,326.74377
28.3524,326.73745
28.35422,326.72943
28.3572,326.72137
28.3599,326.71458
28.36407,326.71003
28.36995,326.70637
28.37483,326.7038
28.37658,326.70167
28.37877,326.70255
28.38105,326.70412
28.38062,326.70405
28.37877,326.70358
28.37517,326.70302
28.36907,326.70073
28.36397,326.69855
28.3598,326.69497
28.35632,326.68935
28.35162,326.68322
28.35017,326.67635
28.34763,326.66823
28.34602,326.65843
28.34553,326.64702
28.34598,326.63603
28.34913,326.62658
28.35215,326.6185
28.35573,326.61118
28.35948,326.60468
28.36328,326.59767
28.36713,326.59305
28.37163,326.58878
28.37648,326.58612
28.3786,326.58292
28.38,326.57887
28.3808,326.57598
28.37893,326.57232
28.37617,326.56728
28.37247,326.56215
28.36973,326.5576
28.36587,326.55275
28.35925,326.54593
28.35258,326.53777
28.34848,326.52775
28.3481,326.5178
28.34857,326.50795
28.34913,326.49562
28.34857,326.4815
28.35088,326.4679
28.35523,326.45502
28.35942,326.44312
28.3635,326.43133
28.36765,326.42133
28.37023,326.41342
28.3721,326.40522
28.37463,326.39852
28.37795,326.39153
28.37993,326.38492
28.38177,326.37648
28.38287,326.36842
28.3818,326.3599
28.38273,326.35292
28.38493,326.34618
28.385,326.33868
28.38217,326.32913
28.38118,326.31893
28.38217,326.30967
28.38317,326.29802
28.38258,326.28658
28.38385,326.27612
28.38487,326.26465
28.3856,326.25093
28.38933,326.23675
28.3957,326.22397
28.4003,326.21208
28.40488,326.19947
28.41078,326.18963
28.41748,326.18145
28.4257,326.17475
28.43325,326.1714
28.4379,326.1679
28.43912,326.16392
28.43918,326.15932
28.43745,326.152
28.43692,326.14417
28.4376,326.13713
28.43715,326.12873
28.43635,326.11908
28.43602,326.10772
28.43732,326.09697
28.43998,326.08675
28.44275,326.07692
28.44523,326.06765
28.44777,326.05907
28.4487,326.04823
28.4508,326.03695
28.45373,326.0254
28.45742,326.01317
28.46147,326.00138
28.46608,325.99003
28.47055,325.9775
28.47765,325.96473
28.4869,325.95617
28.49675,325.9505
28.50345,325.94668
28.50842,325.94375
28.50998,325.94118
28.51052,325.93742
28.50973,325.93248
28.50792,325.92607
28.50558,325.919
28.50272,325.90937
28.49743,325.89568
28.49443,325.87968
28.49322,325.86267
28.49438,325.84595
28.49917,325.83172
28.50483,325.81777
28.51198,325.80393
28.51792,325.79153
28.52627,325.78032
28.535,325.76918
28.54175,325.75768
28.5466,325.74662
28.55187,325.73477
28.5584,325.72335
28.5643,325.7139
28.57008,325.70645
28.57522,325.70093
28.5797,325.69702
28.5815,325.69375
28.58075,325.6892
28.57963,325.68277
28.57797,325.67602
28.57427,325.66752
28.57017,325.65597
28.56757,325.64238
28.56525,325.62707
28.5654,325.61102
28.56855,325.59647
28.57237,325.5841
28.57673,325.57183
28.58062,325.55782
28.58538,325.5446
28.5912,325.53117
28.59792,325.51908
28.6048,325.50858
28.60997,325.49873
28.61597,325.49015
28.61912,325.48217
28.62043,325.47238
28.62093,325.46293
28.62075,325.45267
28.62118,325.44147
28.62205,325.43183
28.62257,325.4237
28.62102,325.41413
28.62097,325.40423
28.62102,325.39293
28.62147,325.38052
28.6204,325.36755
28.61848,325.35283
28.61972,325.33828
28.6205,325.32395
28.62153,325.31005
28.62435,325.29595
28.62745,325.283
28.62952,325.26917
28.63193,325.25427
28.63487,325.23952
28.63745,325.2241
28.64087,325.2095
28.64405,325.1973
28.64412,325.1864
28.64597,325.17688
28.6482,325.16738
28.64987,325.15812
28.64923,325.1467
28.65105,325.13602
28.65105,325.12795
28.64968,325.11857
28.64995,325.1107
28.64895,325.10467
28.64715,325.09773
28.64328,325.08968
28.63988,325.0814
28.63663,325.07372
28.63182,325.06475
28.62957,325.0533
28.62863,325.04105
28.62667,325.02827
28.6247,325.01575
28.62407,325.0032
28.62348,324.99205
28.62277,324.98315
28.6222,324.97397
28.62108,324.9647
28.62062,324.9555
28.62062,324.94693
28.6182,324.93862
28.61758,324.93177
28.61532,324.92508
28.61193,324.91858
28.60958,324.91087
28.60873,324.90247
28.60755,324.89465
28.60598,324.8871
28.60338,324.87902
28.60065,324.86955
28.59677,324.85947
28.59345,324.84987
28.59178,324.84013
28.59292,324.83223
28.59303,324.82377
28.591,324.81452
28.58938,324.80528
28.58937,324.795
28.58872,324.78255
28.58632,324.76837
28.58645,324.75482
28.58817,324.74405
28.5893,324.73385
28.588,324.72512
28.58927,324.71583
28.5922,324.70667
28.59248,324.6983
28.59,324.68952
28.58785,324.67962
28.58832,324.66938
28.58958,324.6604
28.59165,324.6509
28.59295,324.64135
28.59295,324.63127
28.59317,324.62202
28.59302,324.61225
28.59018,324.60332
28.58865,324.59355
28.5883,324.58125
28.58742,324.56648
28.58907,324.55027
28.59022,324.53667
28.59473,324.5243
28.59997,324.51188
28.60382,324.49948
28.60857,324.48828
28.61205,324.4766
28.616,324.46505
28.6175,324.45582
28.61922,324.44655
28.62087,324.43917
28.62022,324.43437
28.61872,324.4288
28.6137,324.4232
28.61097,324.41372
28.60997,324.40458
28.60812,324.39285
28.60872,324.38103
28.60998,324.36887
28.6121,324.35622
28.61523,324.34292
28.62058,324.33162
28.62657,324.32275
28.6308,324.31523
28.63467,324.30657
28.63815,324.29738
28.63905,324.28977
28.63857,324.28288
28.63698,324.27388
28.63755,324.2642
28.63895,324.2554
28.64277,324.24897
28.64582,324.24235
28.64728,324.23515
28.64693,324.22875
