29.80843,326.94635
29.80627,326.94603
29.80355,326.94552
29.8004,326.94552
29.79732,326.94512
29.7961,326.94275
29.79398,326.93902
29.79008,326.93445
29.78688,326.92778
29.78523,326.9215
29.78562,326.91577
29.78573,326.90898
29.78677,326.90465
29.78722,326.90037
29.7891,326.89635
29.79045,326.89277
29.79183,326.8889
29.79513,326.88627
29.79915,326.88605
29.80078,326.88545
29.79982,326.88642
29.79803,326.88632
29.79532,326.8833
29.79442,326.88033
29.79668,326.8802
29.7987,326.88185
29.79987,326.88498
29.79895,326.88752
29.79455,326.88817
29.79235,326.88785
29.79085,326.88632
29.78545,326.88162
29.78115,326.87767
29.77905,326.8741
29.77505,326.86977
29.77247,326.86695
29.77137,326.86413
29.76952,326.85967
29.77075,326.8562
29.7711,326.85243
29.77368,326.8471
29.77815,326.84375
29.78283,326.84093
29.78572,326.84062
29.7853,326.84135
29.78253,326.84217
29.78085,326.84477
29.78015,326.84768
29.77818,326.85077
29.77547,326.85428
29.77093,326.85968
29.7647,326.86473
29.75957,326.86852
29.7558,326.87252
29.75202,326.87585
29.74588,326.87687
29.73973,326.87588
29.7344,326.87478
29.72912,326.87215
29.72632,326.86757
29.72507,326.86167
29.72493,326.8573
29.7263,326.85383
29.72768,326.8516
29.72923,326.85082
29.72862,326.85247
29.72518,326.85497
29.72218,326.85428
29.71967,326.85212
29.7159,326.84953
29.71112,326.84595
29.70477,326.84093
29.7005,326.83638
29.697,326.83278
29.69378,326.83055
29.69172,326.8308
29.68823,326.83182
29.68507,326.83433
29.6825,326.83433
29.67853,326.82972
29.67558,326.8247
29.6712,326.81913
29.66703,326.8118
29.66533,326.8034
29.6646,326.79408
29.6638,326.78425
29.66248,326.7751
29.66155,326.76668
29.66285,326.75817
29.66352,326.75075
29.66555,326.74147
29.6686,326.73343
29.67085,326.72847
29.66893,326.72242
29.66828,326.71577
29.66692,326.71067
29.66367,326.70747
29.66192,326.70392
29.66057,326.69977
29.65803,326.69398
29.65677,326.68838
29.65567,326.68328
29.65482,326.67905
29.65497,326.67492
29.65678,326.67158
29.65705,326.66852
29.65477,326.66467
29.6523,326.66133
29.64812,326.65895
29.64618,326.65698
29.6447,326.65472
29.64463,326.64763
29.64488,326.63795
29.64713,326.62873
29.6514,326.61945
29.6545,326.61082
29.6566,326.60402
29.65825,326.59902
29.66083,326.59337
29.66167,326.5874
29.66058,326.5827
29.65868,326.5771
29.65825,326.57222
29.65738,326.56915
29.6562,326.56613
29.65455,326.56238
29.65265,326.55977
29.64998,326.55792
29.64613,326.5551
29.6446,326.55188
29.64162,326.5485
29.63677,326.54502
29.63228,326.54062
29.62685,326.53457
29.62138,326.52693
29.6171,326.51848
29.61633,326.50958
29.6142,326.50108
29.61483,326.49402
29.61637,326.48515
29.62032,326.47793
29.6217,326.47068
29.62122,326.46477
29.62177,326.45777
29.6245,326.45298
29.62422,326.44725
29.6235,326.44155
29.6246,326.43463
29.6265,326.4283
29.6277,326.42572
29.62937,326.42275
29.63265,326.42108
29.63832,326.4223
29.63938,326.42183
29.63878,326.41922
29.6401,326.41763
29.64305,326.41488
29.64618,326.4117
29.64832,326.40863
29.64962,326.40422
29.65135,326.39825
29.65412,326.39178
29.65855,326.38483
29.66398,326.3782
29.66565,326.3725
29.66567,326.36587
29.666,326.35763
29.66685,326.3498
29.66833,326.3424
29.66828,326.336
29.66872,326.33023
29.66965,326.32572
29.66912,326.32175
29.66752,326.31855
29.66702,326.31468
29.66703,326.30832
29.6692,326.3034
29.67192,326.30092
29.67335,326.30028
29.67323,326.29973
29.6721,326.29828
29.66895,326.29515
29.6649,326.28998
29.65882,326.28243
29.65435,326.27337
29.64987,326.26352
29.6468,326.25528
29.64353,326.246
29.64352,326.23717
29.64305,326.2284
29.64155,326.22
29.64092,326.21228
29.64178,326.20595
29.64228,326.20025
29.64175,326.19323
29.64125,326.18595
29.63895,326.17843
29.63657,326.17095
29.63553,326.16208
29.6343,326.15288
29.63567,326.14575
29.6369,326.1402
29.63733,326.1348
29.63693,326.13103
29.63578,326.1277
29.6338,326.1232
29.63018,326.11885
29.62522,326.11088
29.62108,326.10112
29.61833,326.08998
29.61608,326.07847
29.61553,326.06747
29.616,326.05618
29.61558,326.0467
29.61748,326.03793
29.61795,326.03003
29.617,326.021
29.61582,326.012
29.61253,326.0033
29.60858,325.99305
29.60718,325.98402
29.60648,325.97755
29.60555,325.971
29.60625,325.964
29.60628,325.95805
29.60528,325.95312
29.60535,325.94682
29.60483,325.93955
29.6036,325.93322
29.60068,325.928
29.59687,325.9228
29.5924,325.9166
29.58823,325.90735
29.58163,325.89703
29.5779,325.88745
29.57435,325.87803
29.57267,325.86972
29.57133,325.8619
29.57033,325.85488
29.56993,325.8478
29.57062,325.8408
29.57118,325.83538
29.57163,325.83133
29.57025,325.82737
29.56727,325.82392
29.56338,325.81973
29.56222,325.816
29.56168,325.81278
29.56035,325.81203
29.56095,325.81137
29.56072,325.80985
29.55845,325.80765
29.55697,325.8049
29.55653,325.80218
29.55468,325.80075
29.54995,325.79722
29.54475,325.79125
29.53983,325.78402
29.5365,325.776
29.53273,325.76975
29.5296,325.7637
29.52828,325.75765
29.52785,325.75008
29.5307,325.74432
29.53413,325.73977
29.53623,325.73502
29.53685,325.73127
29.5374,325.72755
29.53692,325.72445
29.53488,325.72173
29.5334,325.71882
29.53308,325.71713
29.53345,325.71672
29.53232,325.71613
29.53168,325.71425
29.53202,325.71217
29.53298,325.7109
29.53383,325.70828
29.53428,325.70395
29.53527,325.69738
29.53727,325.68997
29.53855,325.68417
29.5389,325.67747
29.54145,325.6705
29.54557,325.66507
29.54968,325.66242
29.55285,325.66158
29.55682,325.66157
29.56117,325.66287
29.56252,325.66583
29.5635,325.66918
29.56337,325.66942
29.56133,325.66898
29.5602,325.6686
29.55653,325.66785
29.55215,325.66687
29.54975,325.6647
29.5485,325.6618
29.5479,325.6584
29.54848,325.65643
29.54575,325.65257
29.54217,325.64723
29.54053,325.64138
29.5372,325.634
29.53768,325.62583
29.53832,325.61568
29.54033,325.60695
29.54323,325.59723
29.54663,325.59003
29.5485,325.58447
29.55188,325.57968
29.55537,325.57507
29.5578,325.5723
29.55935,325.56945
29.56107,325.56788
29.55998,325.56575
29.55805,325.56198
29.55695,325.55988
29.55468,325.55777
29.55318,325.55525
29.55035,325.55018
29.54892,325.54472
29.54915,325.53933
29.54882,325.53188
29.54922,325.52335
29.549,325.51452
29.55095,325.507
29.55155,325.49858
29.55172,325.4894
29.55118,325.47963
29.54972,325.47073
29.54885,325.46202
29.55158,325.45367
29.5548,325.4459
29.5592,325.43947
29.56348,325.43252
29.56698,325.4274
29.56917,325.42127
29.56962,325.4166
29.56613,325.41017
29.56208,325.40128
29.55802,325.3924
29.55317,325.38063
29.55197,325.36703
29.5516,325.35365
29.5522,325.34153
29.55457,325.3307
29.55805,325.32173
29.56127,325.31398
29.56448,325.30692
29.5683,325.29835
29.57155,325.29045
29.57452,325.28308
29.57543,325.275
29.57563,325.26643
29.57642,325.25863
29.57642,325.25092
29.57703,325.24185
29.57888,325.2333
29.58213,325.22658
29.58365,325.21905
29.58455,325.21147
29.58572,325.20558
29.58638,325.2005
29.5847,325.19198
29.5861,325.18475
29.58493,325.17765
29.5842,325.17025
29.58402,325.16187
29.58167,325.15158
29.58107,325.14077
29.58152,325.12897
29.58318,325.1171
29.5847,325.10458
29.58892,325.09277
29.59437,325.08113
29.60207,325.07225
29.60888,325.06423
29.61622,325.05797
29.62048,325.05267
29.6238,325.04935
29.62258,325.04583
29.62025,325.04243
29.6183,325.03812
29.61592,325.0333
29.61342,325.02657
29.6103,325.0187
29.60685,325.0097
29.60497,325.00027
29.60313,324.99102
29.60193,324.97955
29.60047,324.96843
29.599,324.95617
29.59865,324.94195
29.60033,324.92875
29.60067,324.91555
29.60108,324.90247
29.60415,324.89158
29.60822,324.88022
29.61305,324.86917
29.61837,324.86045
29.62407,324.85382
29.62605,324.84827
29.62703,324.84215
29.626,324.8371
29.62457,324.83263
29.62095,324.8271
29.61725,324.82067
29.61337,324.81193
29.6099,324.8013
29.60617,324.79068
29.60542,324.77782
29.60643,324.76492
29.60815,324.75267
29.60933,324.74072
29.61113,324.72888
29.6135,324.71858
29.6152,324.70983
29.61602,324.70103
29.61865,324.69185
29.62275,324.68272
29.62715,324.6743
29.63273,324.66562
29.63762,324.65782
29.64197,324.65258
29.64308,324.64858
29.64505,324.64507
29.64338,324.64077
29.64003,324.63507
29.6369,324.62655
29.63308,324.61687
29.62787,324.60458
29.62548,324.59187
29.62357,324.57908
29.62153,324.5645
29.62255,324.55005
29.6247,324.53688
29.62823,324.52485
29.63247,324.5138
29.6364,324.50388
29.63865,324.49435
29.64102,324.48567
29.64075,324.47712
29.64145,324.46895
29.64295,324.45893
29.64357,324.4502
29.64683,324.44297
29.64993,324.43507
29.652,324.42687
29.6534,324.41928
29.65597,324.4108
29.65617,324.4033
29.65713,324.39677
29.65588,324.39215
29.65178,324.38738
29.64562,324.37993
29.64107,324.37173
29.63827,324.36265
29.63563,324.35322
29.63487,324.34468
29.63378,324.33927
29.63117,324.33347
29.63017,324.3267
29.63037,324.3207
29.63038,324.3138
29.62947,324.30737
29.62692,324.29957
29.62542,324.29033
29.62677,324.2814
29.62878,324.274
29.63178,324.26858
29.63338,324.26587
29.63528,324.26385
29.63602,324.26458
29.63368,324.26682
29.63007,324.26852
29.6269,324.26795
29.62217,324.2657
29.61502,324.26513
29.60777,324.26283
29.60218,324.25643
29.59632,324.24907
29.59223,324.24195
29.59013,324.2324
29.59213,324.22173
29.59632,324.21145
29.60143,324.20247
29.60805,324.19317
29.61488,324.1849
29.62127,324.17875
29.62557,324.17388
29.62995,324.16843
29.63642,324.1647
29.64223,324.16018
29.64815,324.15555
29.65528,324.15078
29.66082,324.14628
29.66337,324.14345
29.66465,324.14038
29.66505,324.13758
29.6644,324.13375
29.66317,324.12863
29.66088,324.11898
29.65853,324.10832
29.6552,324.09468
29.6507,324.07797
29.64928,324.06067
29.65077,324.04372
29.6535,324.02787
29.6582,324.0123
29.66388,323.99638
29.66897,323.98388
29.67358,323.97188
29.68068,323.96135
29.68615,323.9527
29.69125,323.94368
29.69698,323.93488
29.7032,323.92697
29.70792,323.91895
29.71127,323.91152
29.71667,323.9026
29.72368,323.89543
29.73073,323.88897
29.73433,323.88418
29.73668,323.88092
29.73513,323.87807
29.7315,323.8723
29.72807,323.86483
29.72132,323.85503
29.71377,323.84435
29.70755,323.83232
29.70248,323.81712
29.69935,323.80103
29.69762,323.78273
29.70105,323.76453
29.71025,323.74925
29.7213,323.73732
29.73175,323.72793
29.74097,323.72048
29.74678,323.71385
29.75185,323.70955
29.75313,323.7041
29.75368,323.69842
29.75573,323.69422
29.75948,323.69082
29.76262,323.68837
29.76398,323.68518
29.7636,323.68052
29.76555,323.67507
29.76708,323.6699
29.76748,323.66565
29.76588,323.65928
