25.63072,295.79358
25.63005,295.78733
25.63085,295.7808
25.63268,295.77573
25.63425,295.77075
25.63648,295.7672
25.6389,295.7649
25.64038,295.76243
25.64353,295.75857
25.64625,295.7551
25.64917,295.75153
25.65313,295.74855
25.6584,295.74543
25.66543,295.74285
25.67407,295.74013
25.6834,295.73833
25.69252,295.73723
25.69962,295.73838
25.70685,295.74197
25.71272,295.74698
25.71888,295.7528
25.72442,295.75847
25.7272,295.76203
25.73002,295.76345
25.73205,295.76338
25.73425,295.76188
25.73662,295.75813
25.74087,295.75402
25.74285,295.74927
25.74447,295.74423
25.74607,295.73905
25.74667,295.73443
25.747,295.72943
25.74978,295.72343
25.75405,295.71672
25.76003,295.70983
25.7665,295.70363
25.77267,295.69883
25.7787,295.69593
25.78495,295.69385
25.78963,295.69345
25.79307,295.69435
25.79535,295.69535
25.79693,295.69448
25.79875,295.6923
25.80092,295.69035
25.8014,295.6885
25.80117,295.68638
25.79953,295.68553
25.79653,295.68325
25.79365,295.6797
25.79122,295.6757
25.78948,295.6714
25.78748,295.66672
25.78508,295.66245
25.78293,295.65793
25.78,295.65218
25.77738,295.64635
25.7756,295.64097
25.7754,295.63658
25.77545,295.63285
25.77628,295.62843
25.7763,295.62467
25.77552,295.62015
25.776,295.61692
25.7778,295.61228
25.77932,295.60748
25.77928,295.60347
25.77947,295.59887
25.78018,295.59477
25.78142,295.59025
25.78362,295.58463
25.78503,295.58078
25.7865,295.57738
25.78738,295.57438
25.7868,295.57212
25.78548,295.5709
25.78365,295.56888
25.7815,295.56668
25.7799,295.56347
25.77737,295.5591
25.77512,295.55423
25.77427,295.55022
25.77313,295.54812
25.77315,295.54563
25.77288,295.54258
25.77255,295.53958
25.771,295.53598
25.77033,295.52945
25.77258,295.52342
25.77485,295.51685
25.77745,295.51092
25.77942,295.50612
25.7808,295.5023
25.78283,295.4996
25.78602,295.49745
25.78962,295.495
25.79168,295.4927
25.79337,295.49128
25.79463,295.48913
25.79427,295.48702
25.79463,295.4842
25.79562,295.48058
25.797,295.47692
25.7979,295.47232
25.7987,295.46885
25.79958,295.46572
25.79943,295.46182
25.80005,295.45678
25.8014,295.45192
25.80437,295.44713
25.80718,295.443
25.81042,295.4376
25.81455,295.43213
25.81955,295.42397
25.82473,295.41697
25.83117,295.41247
25.83775,295.40897
25.84392,295.40772
25.84958,295.40645
25.85447,295.40527
25.85872,295.40425
25.8621,295.4047
25.86323,295.40502
25.86432,295.40493
25.86413,295.4043
25.86263,295.40328
25.8612,295.4015
25.85948,295.39898
25.85875,295.39437
25.85908,295.38872
25.86038,295.38233
25.8633,295.3767
25.86713,295.37202
25.87108,295.36727
25.87438,295.36322
25.87718,295.35782
25.88215,295.35215
25.8893,295.34642
25.89743,295.34253
25.90573,295.33917
25.91293,295.33565
25.91865,295.33377
25.9245,295.33233
25.93052,295.33072
25.93488,295.33005
25.93798,295.33152
25.94083,295.33238
25.94305,295.33333
25.9444,295.33327
25.94477,295.33185
25.94352,295.32862
25.9423,295.32312
25.94143,295.31735
25.94143,295.3112
25.94128,295.30508
25.94123,295.29855
25.94298,295.29267
25.94443,295.28773
25.94628,295.2827
25.94823,295.27652
25.94932,295.26973
25.95032,295.26275
25.95063,295.25455
25.95223,295.24578
25.956,295.23753
25.96043,295.22935
25.9648,295.22337
25.96863,295.21845
25.97092,295.21432
25.97212,295.21032
25.97342,295.20643
25.97437,295.20357
25.97448,295.20028
25.97377,295.19627
25.97187,295.18937
25.96955,295.18138
25.96787,295.17393
25.9667,295.1675
25.96635,295.15973
25.96617,295.15408
25.9654,295.14853
25.96567,295.143
25.965,295.1381
25.96358,295.1329
25.96153,295.1267
25.95795,295.11852
25.95525,295.10772
25.95445,295.09668
25.9556,295.08515
25.95718,295.0731
25.95833,295.0626
25.96063,295.05308
25.96232,295.04532
25.96317,295.03935
25.9632,295.03352
25.96452,295.02665
25.96525,295.01925
25.96463,295.01145
25.9631,295.00247
25.96117,294.99092
25.96018,294.97875
25.95963,294.96603
25.95887,294.95318
25.96013,294.94095
25.96277,294.931
25.96497,294.92235
25.96565,294.91453
25.96477,294.90563
25.96237,294.8944
25.95998,294.88035
25.95695,294.8655
25.95343,294.85055
25.95063,294.83725
25.94733,294.8265
25.94218,294.81658
25.93737,294.80608
25.93092,294.79352
25.9257,294.7816
25.9196,294.76945
25.91328,294.75693
25.90695,294.74538
25.90078,294.73468
25.89783,294.7263
25.89535,294.71747
25.89322,294.70877
25.89025,294.69967
25.88728,294.6903
25.88518,294.68112
25.88405,294.6724
25.88287,294.66482
25.8813,294.65923
25.87792,294.65383
25.87433,294.6488
25.87053,294.6426
25.86852,294.63545
25.86648,294.62712
25.86457,294.61892
25.86357,294.60967
25.86328,294.60087
25.8629,294.59235
25.86143,294.5848
25.85998,294.57747
25.85947,294.56865
25.85797,294.56095
25.85645,294.55383
25.85338,294.54692
25.85148,294.54055
25.84923,294.53415
25.84825,294.52742
25.84852,294.521
25.84837,294.51553
25.8454,294.51088
25.84232,294.507
25.83752,294.50278
25.83218,294.49698
25.82775,294.49033
25.82297,294.48307
25.81827,294.47503
25.81497,294.46683
25.81205,294.45828
25.80948,294.44885
25.807,294.43937
25.80478,294.4302
25.80282,294.42265
25.80177,294.41655
25.80097,294.41128
25.79865,294.40657
25.79742,294.40233
25.79647,294.39907
25.79423,294.3968
25.79045,294.39457
25.78625,294.3923
25.78255,294.38982
25.77637,294.38683
25.7695,294.38377
25.76175,294.3803
25.7536,294.3763
25.74918,294.3713
25.74392,294.36533
25.73918,294.35917
25.73625,294.3521
25.73517,294.34568
25.7356,294.33975
25.73713,294.33618
25.73745,294.3339
25.73563,294.33237
25.7331,294.33037
25.73108,294.32768
25.73007,294.32597
25.7278,294.32363
25.72538,294.32235
25.72212,294.32117
25.71832,294.31973
25.71362,294.3199
25.71053,294.3199
25.7061,294.32043
25.69978,294.32088
25.69288,294.32153
25.68477,294.32053
25.6786,294.31765
25.67308,294.31423
25.66963,294.30912
25.66845,294.30268
25.66912,294.29595
25.67097,294.2903
25.67192,294.28547
25.67612,294.28197
25.68178,294.27953
25.68512,294.27812
25.68868,294.27807
25.69058,294.27843
25.69223,294.27987
25.6929,294.28328
25.69298,294.28707
25.69217,294.28967
25.68923,294.29152
25.68592,294.29205
25.68528,294.2933
25.68397,294.29465
25.68063,294.29687
25.67593,294.29937
25.67118,294.30173
25.66642,294.30322
25.66223,294.30415
25.65725,294.30343
25.65357,294.3019
25.65413,294.30103
25.65602,294.30235
25.6579,294.3038
25.65958,294.30655
25.66088,294.30993
25.66053,294.31533
25.65867,294.3211
25.65575,294.3268
25.65257,294.33102
25.64708,294.33365
25.64257,294.33575
25.63938,294.33645
25.63702,294.33447
25.63625,294.33277
25.63712,294.3325
25.64007,294.33395
25.64412,294.33753
25.64692,294.34292
25.6474,294.3493
25.64605,294.35533
25.64338,294.36085
25.64053,294.36475
25.63772,294.36702
25.63705,294.36952
25.63628,294.37195
25.63658,294.37525
25.63648,294.37927
25.63578,294.38465
25.63437,294.38957
25.63342,294.39437
25.63158,294.39908
25.62933,294.40188
25.62677,294.40247
25.62363,294.39962
25.62128,294.39538
25.61987,294.39072
25.61818,294.3871
25.61883,294.3829
25.62168,294.3795
25.62405,294.37632
25.62642,294.37415
25.62968,294.37335
25.63333,294.37282
25.63692,294.37175
25.63972,294.37157
25.64255,294.37282
25.64417,294.37278
25.64637,294.37268
25.64977,294.3724
25.65342,294.37158
25.65568,294.37153
25.65783,294.37202
25.66018,294.37352
25.6626,294.37398
25.66537,294.3746
25.66613,294.37505
25.66432,294.37273
25.66225,294.36983
25.66028,294.36443
25.65865,294.35693
25.658,294.34812
25.65858,294.33767
25.65922,294.32795
25.66053,294.31877
25.66273,294.3104
25.6657,294.3019
25.66965,294.29432
25.67352,294.2889
25.6781,294.28282
25.68328,294.2769
25.69102,294.27152
25.69943,294.2679
25.7066,294.26633
25.71202,294.26717
25.71545,294.26892
25.71703,294.27052
25.71703,294.27302
25.71392,294.27492
25.71032,294.27658
25.70447,294.27668
25.69767,294.27408
25.69102,294.26865
25.68622,294.26093
25.68212,294.25288
25.67802,294.24448
25.67457,294.23413
25.6716,294.2235
25.6695,294.2133
25.66853,294.20488
25.6681,294.19613
25.66808,294.18782
25.66878,294.17883
25.6692,294.17122
25.67013,294.16508
25.67257,294.16058
25.67482,294.1559
25.67885,294.15107
25.68307,294.14758
25.68667,294.14433
25.68782,294.14352
25.68853,294.14328
25.6888,294.14383
25.68858,294.14462
25.68623,294.14487
25.68337,294.14465
25.68128,294.14342
25.67782,294.14077
25.67478,294.13668
25.67155,294.13272
25.66893,294.12808
25.66638,294.1238
25.66328,294.11893
25.66055,294.11403
25.65728,294.10807
25.6547,294.10058
25.65285,294.09437
25.65162,294.0882
25.6518,294.0812
25.65295,294.07402
25.65627,294.06637
25.65962,294.0586
25.66408,294.05255
25.66938,294.0484
25.67303,294.0446
25.6755,294.04068
25.67782,294.03832
25.68005,294.03565
25.68063,294.03427
25.67858,294.03245
25.67453,294.03088
25.66875,294.0299
25.66327,294.02693
25.65707,294.02338
25.65135,294.01838
25.64537,294.0137
25.64008,294.00885
25.63642,294.00453
25.63123,294.00088
25.62573,293.99617
25.61952,293.98972
25.61447,293.98143
25.6117,293.97143
25.61095,293.9627
25.61162,293.95477
25.61377,293.94893
25.61738,293.9432
25.62195,293.93877
25.626,293.93597
25.63025,293.9344
25.63277,293.93572
25.63133,293.93767
25.62815,293.94025
25.6227,293.94203
25.61667,293.94208
25.61047,293.94127
25.60432,293.93927
25.59763,293.93637
25.5913,293.93177
25.5864,293.92742
25.5829,293.92318
25.57908,293.91953
25.57563,293.91643
25.57157,293.91388
25.56708,293.91073
25.56265,293.90647
25.55937,293.90123
25.55648,293.8946
25.55478,293.88698
25.55407,293.87912
25.55433,293.87135
25.55735,293.86585
25.55985,293.86248
25.56372,293.85977
25.56788,293.86008
25.57062,293.86207
25.56985,293.86457
25.56693,293.86627
25.56165,293.86808
25.55362,293.8686
25.54473,293.86678
25.53535,293.86437
25.5243,293.85948
25.51527,293.85312
25.50797,293.84558
25.4999,293.83608
25.4947,293.82575
25.4901,293.81625
25.48465,293.80708
25.47928,293.79738
25.47505,293.7867
25.47085,293.7776
25.46537,293.76955
25.46002,293.76133
25.45712,293.75253
25.45615,293.74437
25.45673,293.73793
25.45532,293.73263
25.45358,293.72742
25.45085,293.72348
25.44812,293.7205
25.44398,293.71702
25.43963,293.71472
25.43278,293.7134
25.42433,293.7121
25.414,293.71187
25.40315,293.71125
25.38968,293.7087
25.37638,293.70203
25.36517,293.69417
25.35457,293.68547
25.34533,293.67948
25.33683,293.67262
25.32567,293.66687
25.31702,293.66132
25.30943,293.65667
25.30373,293.65092
25.297,293.64392
25.2905,293.6341
25.28477,293.62418
25.27918,293.6153
25.2736,293.60713
25.27002,293.60057
25.26707,293.59605
25.26467,293.59322
25.2612,293.59185
