36.37027,327.61123
36.36858,327.6082
36.36373,327.60327
36.35918,327.59857
36.35548,327.59552
36.35027,327.59075
36.3343,327.58635
36.3263,327.57647
36.32847,327.56392
36.33535,327.55527
36.33928,327.5503
36.34127,327.54602
36.3426,327.54385
36.34258,327.5444
36.3359,327.54243
36.32852,327.53433
36.32498,327.52302
36.3217,327.51333
36.32105,327.50402
36.3201,327.49782
36.31885,327.49285
36.31975,327.4918
36.31753,327.49043
36.31368,327.4895
36.30883,327.49013
36.30357,327.4939
36.2922,327.4979
36.28203,327.49985
36.27557,327.49198
36.27238,327.48175
36.27307,327.47535
36.27565,327.46917
36.27907,327.46888
36.27838,327.47302
36.27892,327.48107
36.27637,327.49488
36.27155,327.51133
36.2658,327.52648
36.25723,327.53828
36.24643,327.54185
36.2355,327.54088
36.22153,327.53142
36.2112,327.52118
36.20227,327.51298
36.19197,327.50232
36.1819,327.48968
36.17278,327.47742
36.16453,327.4713
36.1576,327.4677
36.14997,327.46548
36.1452,327.46098
36.1391,327.45758
36.13172,327.45245
36.12292,327.44322
36.11507,327.43235
36.10692,327.41972
36.09798,327.40587
36.09493,327.39652
36.09123,327.39003
36.08742,327.38428
36.07967,327.3767
36.07432,327.36733
36.06783,327.36098
36.06103,327.35735
36.0535,327.34837
36.05208,327.33833
36.05313,327.32795
36.05453,327.32062
36.05435,327.31637
36.04692,327.31685
36.04,327.31313
36.0297,327.30303
36.02142,327.28948
36.01343,327.27408
36.01163,327.25728
36.01248,327.24463
36.01638,327.2371
36.02182,327.23237
36.0274,327.23057
36.02818,327.2334
36.02502,327.24017
36.016,327.24617
36.0052,327.24705
35.99222,327.2441
35.9812,327.23332
35.97268,327.21963
35.97098,327.20627
35.97183,327.19502
35.97242,327.1841
35.97468,327.17483
35.97755,327.1645
35.98285,327.15582
35.9872,327.14625
35.99072,327.13983
35.99315,327.13488
35.99472,327.13297
35.99472,327.13022
35.99477,327.12973
35.99267,327.13117
35.99082,327.1326
35.98535,327.13537
35.9802,327.13555
35.97552,327.13097
35.97147,327.12348
35.96912,327.1158
35.96775,327.10577
35.9666,327.09692
35.96602,327.08698
35.96875,327.07933
35.97225,327.07553
35.97608,327.07398
35.9831,327.07305
35.98778,327.07473
35.99308,327.0735
35.99645,327.07735
35.99812,327.07968
36.00148,327.08163
36.00483,327.08152
36.00593,327.08152
36.0058,327.07918
36.00643,327.07975
36.003,327.08388
35.9997,327.0869
35.99637,327.08778
35.99357,327.08595
35.99428,327.08048
35.99618,327.07382
35.9965,327.06967
35.99868,327.06552
35.99877,327.06278
35.99852,327.0619
36.00073,327.06188
36.00113,327.06175
36.00087,327.06583
35.99975,327.07192
36.00133,327.07742
35.99965,327.08513
35.99625,327.08925
35.99332,327.09172
35.9895,327.09752
35.984,327.10037
35.97927,327.09932
35.97643,327.09365
35.97262,327.08852
35.97042,327.08183
35.96957,327.07805
35.96845,327.07588
35.96673,327.07615
35.96113,327.07758
35.95648,327.07425
35.95047,327.0703
35.94398,327.0656
35.93977,327.05927
35.93923,327.04995
35.9445,327.04207
35.95027,327.04055
35.95837,327.04438
35.9665,327.05107
35.97218,327.0594
35.97072,327.07442
35.96755,327.0895
35.9623,327.09845
35.95512,327.10502
35.94762,327.1119
35.93965,327.1111
35.94223,327.10458
35.94457,327.09927
35.94767,327.0977
35.95223,327.09782
35.9557,327.10008
35.96075,327.10548
35.96763,327.11375
35.96648,327.12482
35.96208,327.13367
35.95752,327.14087
35.9531,327.14878
35.94573,327.15493
35.94187,327.15622
35.94002,327.15595
35.94108,327.1586
35.94268,327.15975
35.944,327.16142
35.94637,327.1678
35.9427,327.17387
35.9418,327.1765
35.9408,327.17962
35.9392,327.1869
35.93738,327.1915
35.93642,327.19677
35.93967,327.20185
35.94423,327.20828
35.94533,327.2174
35.94425,327.22852
35.93952,327.23892
35.93303,327.24575
35.92527,327.25063
35.91905,327.25177
35.91508,327.2536
35.91275,327.25422
35.91218,327.25595
35.91167,327.25793
35.9141,327.26327
35.9185,327.27143
35.92403,327.28393
35.92657,327.3003
35.92735,327.315
35.92275,327.3284
35.91605,327.33945
35.90765,327.34775
35.90077,327.34905
35.89848,327.35047
35.89593,327.35165
35.8968,327.35675
35.89665,327.36587
35.89768,327.37698
35.90365,327.38932
35.90557,327.40362
35.90495,327.41375
35.90045,327.42522
35.89558,327.43578
35.88877,327.44242
35.88332,327.44735
35.87965,327.4496
35.87827,327.45217
35.8826,327.45605
35.8874,327.46477
35.89207,327.47745
35.89467,327.4959
35.8941,327.51413
35.89142,327.53353
35.88908,327.54897
35.885,327.56193
35.87918,327.5729
35.87232,327.58333
35.86597,327.59277
35.8622,327.60053
35.85965,327.60663
35.86027,327.61213
35.85997,327.619
35.85687,327.6246
35.8546,327.62918
35.85657,327.6335
35.86048,327.63837
35.86547,327.64708
35.87063,327.65795
35.87488,327.67335
35.8794,327.69022
35.87892,327.70852
35.87568,327.7226
35.87268,327.73583
35.87012,327.74893
35.86682,327.75865
35.86003,327.76973
35.85575,327.7814
35.84902,327.78528
35.84253,327.785
35.83677,327.78278
35.8347,327.77985
35.83738,327.7793
35.84075,327.78433
35.84443,327.78868
35.84935,327.7949
35.8523,327.803
35.85203,327.81157
35.84825,327.82567
35.84337,327.83813
35.83405,327.84585
35.82667,327.8505
35.81808,327.85245
35.80583,327.85138
35.7936,327.84955
35.7821,327.84375
35.77458,327.83617
35.77083,327.83287
35.7702,327.83167
35.7702,327.8318
35.77235,327.83498
35.77382,327.83747
35.77577,327.84415
35.77497,327.85585
35.7711,327.86425
35.76233,327.8689
35.75578,327.87477
35.75163,327.87737
35.74723,327.87788
35.74382,327.87968
35.73948,327.88372
35.73565,327.88805
35.73032,327.89415
35.72243,327.8968
35.71528,327.89602
35.70765,327.89198
35.69985,327.8818
35.69312,327.86993
35.6893,327.85797
35.68835,327.84982
35.6919,327.84352
35.69825,327.84053
35.70503,327.8372
35.70928,327.83358
35.71698,327.83493
35.722,327.83667
35.7249,327.83925
35.72873,327.84473
35.73157,327.84752
35.72943,327.84765
35.725,327.84393
35.72413,327.84128
35.72295,327.84238
35.71977,327.84128
35.71552,327.83812
35.70977,327.83183
35.70545,327.82095
35.7052,327.81322
35.70452,327.80912
35.70272,327.80537
35.69933,327.80068
35.69687,327.7959
35.69625,327.78983
35.69477,327.7845
35.69663,327.77948
35.69997,327.77538
35.70047,327.77155
35.70203,327.77085
35.70487,327.77015
35.70632,327.77503
35.70787,327.78062
35.70697,327.78187
35.70168,327.78043
35.69695,327.78145
35.69483,327.78442
35.68645,327.78435
35.6756,327.77807
35.67187,327.76183
35.6688,327.74643
35.66745,327.7314
35.67292,327.71508
35.68235,327.70383
35.6897,327.69743
35.7006,327.6993
35.70858,327.70307
35.70965,327.70707
35.71037,327.71022
35.70957,327.71408
35.70998,327.72035
35.70362,327.72107
35.69693,327.71757
35.69195,327.71237
35.6893,327.70533
35.68887,327.69635
35.6879,327.68805
35.6888,327.6783
35.68997,327.67198
35.69192,327.66498
35.6895,327.663
35.68563,327.66277
35.68393,327.6584
35.68115,327.6537
35.67757,327.64628
35.67675,327.6321
35.676,327.6232
35.67845,327.61855
35.68225,327.61457
35.68932,327.61167
35.69163,327.61142
35.68815,327.61492
35.68358,327.61578
35.68095,327.61503
35.67723,327.61297
35.67273,327.61007
35.66937,327.6077
35.66162,327.60522
35.65715,327.59523
35.65545,327.58055
35.65945,327.56895
35.6612,327.55942
35.66688,327.5512
35.6743,327.54573
35.67213,327.54123
35.66895,327.53695
35.66218,327.53155
35.65513,327.52465
35.65248,327.52135
35.64913,327.518
35.64435,327.51082
35.64282,327.50415
35.64553,327.49993
35.64505,327.49985
35.64633,327.49495
35.64332,327.49297
35.63823,327.49505
35.63168,327.49522
35.62392,327.49227
35.61362,327.48603
35.6019,327.4771
35.59142,327.46522
35.5867,327.44692
35.58885,327.43092
35.59675,327.42207
35.60632,327.41958
35.60993,327.42283
35.60528,327.42838
35.59932,327.43442
35.58883,327.44228
35.57495,327.44302
35.56133,327.44133
35.54878,327.43432
35.54002,327.42435
35.53238,327.41285
35.52843,327.40183
35.52487,327.39197
35.52378,327.38292
35.52578,327.37718
35.52905,327.37318
35.53158,327.3776
35.52573,327.38518
35.51318,327.38995
35.50117,327.39215
35.49367,327.39122
35.49213,327.38963
35.4881,327.38932
35.48755,327.38873
35.48813,327.39135
35.48768,327.39722
35.488,327.40608
35.48723,327.41812
35.48375,327.43035
35.4752,327.44407
35.46313,327.4541
35.45237,327.45935
35.4416,327.45953
35.43072,327.45493
35.4245,327.4467
35.4225,327.43967
35.42235,327.43598
35.42275,327.43452
35.42277,327.43678
35.42322,327.443
35.42398,327.45137
35.42568,327.46013
35.42793,327.46867
35.42798,327.4783
35.41895,327.48633
35.41213,327.48932
35.4089,327.48963
35.40517,327.49375
35.40372,327.49853
35.40502,327.5038
35.4074,327.50935
35.41065,327.51682
35.40863,327.52317
35.406,327.52807
35.40375,327.53508
35.3991,327.54017
35.39048,327.54258
35.37957,327.53988
35.3672,327.53433
35.3564,327.52343
35.34938,327.50955
35.34772,327.49043
35.3497,327.47352
35.35525,327.46108
35.36212,327.45235
35.37143,327.44773
35.37933,327.44978
35.38398,327.45542
35.39083,327.46178
35.38807,327.46928
35.37735,327.46752
35.36728,327.4587
35.35437,327.44637
35.34587,327.43138
35.34268,327.41382
35.34122,327.39583
35.34495,327.37715
35.35497,327.36105
35.36497,327.35092
35.37248,327.33878
35.37788,327.32928
35.38033,327.32298
35.38155,327.31393
35.3823,327.3042
35.38185,327.29193
35.38728,327.27775
35.39025,327.2626
35.39375,327.24847
35.40332,327.2414
35.41162,327.2397
35.41768,327.24252
35.42145,327.24523
35.41993,327.2471
35.41567,327.24373
35.40928,327.2379
35.40425,327.22847
35.3995,327.21883
35.39345,327.2063
35.38872,327.18862
35.38943,327.16962
35.39438,327.15263
35.40393,327.13662
35.41727,327.12807
35.42648,327.12488
35.43387,327.1228
35.43878,327.12135
35.44013,327.11885
35.43662,327.1179
35.4325,327.1163
35.42755,327.11068
35.42227,327.10277
35.41945,327.09388
35.41598,327.08532
35.41422,327.0762
35.41197,327.06968
35.40875,327.06483
35.40567,327.05943
35.40345,327.0521
35.40295,327.0436
35.40127,327.03323
35.39918,327.02128
35.39675,327.00913
35.39475,326.99648
35.3919,326.98072
35.39048,326.96945
35.3935,326.95183
35.39885,326.93633
35.40308,326.92245
35.40747,326.91923
35.40955,326.91678
35.41668,326.91528
35.42032,326.91727
35.41982,326.92023
35.41435,326.9211
35.40618,326.9168
35.39622,326.9104
35.38423,326.90375
35.37318,326.89017
35.3648,326.87222
35.36638,326.85677
35.3705,326.84502
35.37453,326.83438
35.3824,326.82752
35.38777,326.8275
35.38927,326.827
35.38725,326.823
35.38447,326.81353
35.38275,326.80102
35.38205,326.79058
35.37977,326.77943
35.37867,326.76647
35.38277,326.75383
35.39088,326.74368
35.39753,326.73578
