35.85277,316.8952
35.8492,316.88873
35.84788,316.88038
35.84758,316.87222
35.84877,316.86337
35.84977,316.85605
35.8504,316.85003
35.85135,316.84457
35.85182,316.83987
35.85052,316.83443
35.85008,316.8265
35.85167,316.81967
35.8564,316.81493
35.86367,316.8125
35.87083,316.81115
35.87737,316.81292
35.88182,316.81913
35.88255,316.82758
35.87878,316.83737
35.87393,316.84615
35.8654,316.85205
35.8562,316.85775
35.84513,316.86057
35.83178,316.85793
35.82058,316.84977
35.81183,316.83927
35.80357,316.82582
35.7983,316.80952
35.79723,316.79347
35.79943,316.77772
35.80203,316.76613
35.80222,316.7569
35.80125,316.74958
35.79772,316.74385
35.79373,316.73907
35.7909,316.73447
35.78945,316.732
35.78775,316.73283
35.78373,316.7342
35.77803,316.73692
35.76997,316.73732
35.75905,316.7327
35.75107,316.72398
35.74545,316.71433
35.73867,316.70395
35.73258,316.69343
35.72678,316.68337
35.7204,316.6714
35.71428,316.65765
35.7106,316.64348
35.70743,316.63182
35.70527,316.61853
35.70453,316.60695
35.70392,316.5979
35.70522,316.5905
35.7066,316.58707
35.70575,316.58508
35.70542,316.5859
35.70432,316.58958
35.70233,316.59017
35.69767,316.58797
35.6921,316.58457
35.686,316.57997
35.67813,316.57653
35.66862,316.57207
35.66175,316.56453
35.65828,316.55808
35.65567,316.55112
35.65517,316.54342
35.6551,316.53737
35.65562,316.53123
35.65627,316.52512
35.65772,316.51818
35.65993,316.51185
35.66365,316.5053
35.66803,316.50078
35.6717,316.49683
35.67458,316.49093
35.67597,316.48698
35.67677,316.48335
35.68067,316.47837
35.68433,316.47223
35.6917,316.4631
35.69848,316.45363
35.70422,316.44565
35.7099,316.43427
35.71723,316.42145
35.72712,316.40987
35.73708,316.4001
35.74858,316.39203
35.76025,316.38665
35.77045,316.38347
35.78013,316.38105
35.78923,316.38065
35.79582,316.38095
35.80137,316.3787
35.80415,316.37383
35.80588,316.36508
35.80758,316.35305
35.8106,316.33915
35.81292,316.3245
35.81287,316.30958
35.8134,316.29368
35.81605,316.27632
35.8191,316.25922
35.82073,316.2427
35.82257,316.22623
35.82725,316.20943
35.83158,316.19325
35.83592,316.17998
35.83782,316.16863
35.83945,316.15832
35.83978,316.14993
35.83992,316.14225
35.83942,316.13432
35.83718,316.1252
35.83305,316.11358
35.8298,316.0982
35.8285,316.08105
35.82823,316.0613
35.82912,316.04133
35.83,316.02263
35.83008,316.00445
35.83085,315.98615
35.83225,315.96538
35.83542,315.94437
35.83987,315.92623
35.8445,315.91098
35.84928,315.89808
35.85502,315.88718
35.86057,315.87865
35.86533,315.87465
35.86583,315.87255
35.86503,315.87017
35.86192,315.86463
35.85808,315.85677
35.85547,315.84673
35.85262,315.83355
35.8495,315.81887
35.84818,315.80345
35.84793,315.78918
35.84787,315.77622
35.84755,315.76267
35.84718,315.74823
35.8479,315.73165
35.85,315.71618
35.85105,315.70347
35.85235,315.69178
35.85282,315.68152
35.85435,315.6706
35.85637,315.65807
35.85775,315.64618
35.8587,315.63483
35.85643,315.62385
35.85178,315.60963
35.85013,315.59545
35.85108,315.5823
35.85138,315.57235
35.85087,315.56347
35.84898,315.55555
35.84488,315.54715
35.83783,315.53718
35.83047,315.52412
35.82377,315.50932
35.8163,315.49243
35.81112,315.47485
35.80955,315.45568
35.8103,315.43672
35.81132,315.41802
35.8145,315.40095
35.81948,315.38852
35.82513,315.37832
35.8301,315.36903
35.83495,315.36045
35.83968,315.35002
35.8435,315.33968
35.84518,315.33222
35.84558,315.32563
35.84568,315.31878
35.84667,315.31307
35.84883,315.30648
35.84925,315.3009
35.84987,315.29665
35.84868,315.29137
35.84418,315.28477
35.84008,315.27588
35.83617,315.26707
35.82987,315.25653
35.82713,315.24503
35.82853,315.2344
35.82975,315.22275
35.8303,315.21132
35.83227,315.1994
35.83327,315.18652
35.83507,315.17372
35.83728,315.16435
35.8411,315.15573
35.84388,315.1491
35.84502,315.14452
35.84687,315.14082
35.847,315.13805
35.84527,315.13318
35.84375,315.12805
35.8426,315.12313
35.8401,315.11785
35.83662,315.11207
35.83287,315.10525
35.828,315.09855
35.82393,315.09198
35.81867,315.08308
35.81312,315.07175
35.80697,315.05937
35.80667,315.04632
35.80903,315.03702
35.81263,315.02973
35.81645,315.02472
35.81867,315.02105
35.81963,315.01807
35.81785,315.01542
35.81768,315.01402
35.814,315.01205
35.81012,315.00793
35.8057,315.00337
35.80075,314.998
35.79787,314.99215
35.79612,314.98447
35.79413,314.97878
35.79225,314.97447
35.79093,314.96938
35.78957,314.9639
35.78903,314.95835
35.78867,314.95328
35.78577,314.949
35.78142,314.94362
35.77593,314.93853
35.77072,314.93518
35.76483,314.9309
35.7599,314.92277
35.75633,314.91483
35.75493,314.90712
35.7572,314.89935
35.76197,314.89452
35.76757,314.89122
35.77033,314.89007
35.77483,314.88798
35.77828,314.88757
35.77927,314.88767
35.7789,314.88702
35.77885,314.88468
35.77737,314.88078
35.77767,314.87455
35.77863,314.86845
35.77858,314.86113
35.77933,314.85313
35.78235,314.84573
35.78683,314.84135
35.7876,314.83802
35.78758,314.8333
35.78413,314.82645
35.78187,314.81797
35.78072,314.80805
35.78113,314.79792
35.7818,314.78725
35.78462,314.77683
35.78622,314.76653
35.789,314.75643
35.79485,314.74762
35.80183,314.74213
35.80682,314.73702
35.81148,314.7333
35.8126,314.72977
35.81337,314.72685
35.8136,314.72148
35.81205,314.71693
35.8106,314.7108
35.8128,314.70555
35.81453,314.7007
35.8154,314.69592
35.81665,314.69248
35.81708,314.68887
35.81883,314.68258
35.81963,314.67605
35.82142,314.66847
35.82425,314.65988
35.82727,314.6505
35.83185,314.64177
35.835,314.63375
35.83823,314.62512
35.84187,314.6172
35.84628,314.60972
35.85125,314.6039
35.85573,314.59955
35.86042,314.59672
35.86333,314.59482
35.86478,314.59128
35.86687,314.58478
35.86872,314.57907
35.87082,314.57395
35.8716,314.56983
35.87197,314.56558
35.87288,314.561
35.87358,314.55593
35.87702,314.54843
35.88225,314.54193
35.88727,314.53585
35.89237,314.5294
35.89823,314.52398
35.90322,314.51832
35.90702,314.51165
35.91095,314.50458
35.91535,314.4979
35.91767,314.49125
35.91903,314.48332
35.92185,314.47568
35.92442,314.46707
35.92933,314.45912
35.93555,314.4506
35.94252,314.44242
35.95002,314.4343
35.95738,314.42733
35.96247,314.42092
35.96582,314.41468
35.96517,314.40623
35.9632,314.39523
35.9585,314.38127
35.9547,314.365
35.95098,314.34533
35.94963,314.32525
35.94823,314.30217
35.95063,314.27767
35.9539,314.25202
35.95693,314.22585
35.96092,314.19793
35.9668,314.17147
35.9757,314.14673
35.98777,314.13187
35.9986,314.12008
36.00847,314.11032
36.01683,314.1
36.02432,314.08967
36.03278,314.07853
36.04093,314.06853
36.0487,314.05777
36.05443,314.04933
36.06107,314.04123
36.067,314.033
36.0718,314.02278
36.07682,314.01055
36.08355,313.99725
36.09097,313.9849
36.09803,313.97343
36.10698,313.96327
36.11695,313.95565
36.12692,313.95072
36.13692,313.94793
36.14745,313.94472
36.15705,313.94285
36.16515,313.94073
36.1731,313.93847
36.179,313.93857
36.18335,313.93852
36.18613,313.93615
36.18917,313.93227
36.1908,313.92537
36.19085,313.91652
36.19207,313.90477
36.19512,313.89105
36.19968,313.87635
36.20738,313.8618
36.21845,313.84813
36.23095,313.83753
36.2447,313.83092
36.25692,313.8275
36.26773,313.82552
36.2772,313.82653
36.28497,313.82783
36.29185,313.83027
36.29362,313.82847
36.29467,313.82232
36.29712,313.81408
36.3016,313.80352
36.30653,313.79233
36.3143,313.77963
36.32267,313.76623
36.33092,313.75383
36.33898,313.7389
36.34992,313.72513
36.36138,313.71428
36.37213,313.70502
36.38095,313.69625
36.38835,313.68665
36.39338,313.67397
36.3959,313.66168
36.39895,313.64947
36.40397,313.63462
36.41098,313.6185
36.42028,313.60048
36.42898,313.58442
36.43867,313.57068
36.4479,313.55903
36.45652,313.54893
36.4644,313.53863
36.4705,313.52855
36.47683,313.5195
36.48083,313.5099
36.4832,313.49908
36.48412,313.48648
36.4825,313.47158
36.48178,313.45465
36.48027,313.43555
36.4814,313.41562
36.48402,313.396
36.48667,313.37857
36.48995,313.3619
36.49432,313.34548
36.50032,313.32957
36.50727,313.31495
36.51362,313.3032
36.51805,313.29287
36.51793,313.2852
36.51695,313.27557
36.51473,313.26625
36.51348,313.2568
36.51022,313.24647
36.5063,313.23542
36.50052,313.22425
36.49372,313.21125
36.4861,313.19523
36.47775,313.17742
36.47077,313.15602
36.46342,313.13087
36.4587,313.10328
36.45383,313.07453
36.45455,313.04345
36.45718,313.01168
36.46325,312.98338
36.47105,312.9572
36.47963,312.93467
36.48548,312.91512
36.4878,312.89748
36.48995,312.87998
36.49202,312.86183
36.49378,312.84423
36.49325,312.82747
36.49305,312.808
36.49458,312.78787
36.49628,312.77042
36.49727,312.75393
36.49665,312.7367
36.49357,312.71785
36.48963,312.69728
36.48962,312.67458
36.49155,312.65367
36.4947,312.63303
36.49808,312.61273
36.50278,312.59193
36.50982,312.57058
36.51763,312.55028
36.52597,312.53115
36.5371,312.5144
36.54713,312.50093
36.55632,312.48995
36.56365,312.48143
36.56997,312.47642
36.57135,312.47262
36.57158,312.46765
36.56793,312.46115
36.56388,312.45398
36.55807,312.44412
36.55307,312.43085
36.54827,312.41498
36.54862,312.3984
36.54977,312.37927
36.5523,312.36083
36.5574,312.34308
36.56477,312.32557
36.5779,312.31233
36.59127,312.3021
36.60448,312.29503
36.6153,312.29448
36.61957,312.2989
36.61912,312.30318
36.61767,312.30898
36.61398,312.31323
36.60967,312.31477
36.60382,312.31445
36.5933,312.31042
36.5855,312.30298
36.57667,312.29377
36.56888,312.28053
36.56342,312.26393
36.56048,312.24738
36.56055,312.23003
36.56198,312.21337
36.56598,312.19518
36.57147,312.1807
36.5794,312.16682
36.58758,312.156
36.59555,312.14822
36.60368,312.14312
36.61162,312.1408
36.616,312.14295
36.61725,312.1465
36.61895,312.1455
36.61933,312.1431
36.61765,312.14122
36.61367,312.13695
36.60763,312.12892
36.60103,312.11743
36.5983,312.10363
36.5979,312.09162
36.60083,312.08047
36.602,312.07495
36.6036,312.0692
36.60322,312.06528
36.59873,312.06267
36.5939,312.05662
36.58902,312.05137
36.58268,312.04515
36.57703,312.03795
36.56975,312.02997
36.5635,312.01857
36.55958,312.00738
36.55633,311.99545
36.5548,311.98408
36.554,311.97365
36.55098,311.96415
36.54913,311.95383
36.5468,311.94372
36.54383,311.9326
36.54375,311.92032
36.54557,311.90817
36.54865,311.89708
36.55165,311.88633
36.555,311.88105
36.55795,311.87687
36.55965,311.8722
36.56015,311.8704
36.55828,311.868
36.5555,311.8639
36.54958,311.85945
36.54432,311.85318
36.54017,311.84525
36.53595,311.83492
36.53205,311.82547
36.53037,311.81385
36.5299,311.80393
36.53147,311.79523
36.53335,311.78957
36.53428,311.78327
36.53442,311.77702
36.53402,311.77255
