37.63468,299.43807
37.63178,299.43763
37.62935,299.43605
37.62778,299.43503
37.62502,299.43457
37.62262,299.43325
37.62117,299.43287
37.62228,299.43475
37.62255,299.43597
37.62427,299.43708
37.62587,299.43865
37.62985,299.44155
37.63462,299.44737
37.63577,299.45533
37.63548,299.46347
37.63437,299.47377
37.63203,299.48635
37.62688,299.50088
37.61962,299.51622
37.61087,299.52898
37.60217,299.54023
37.59383,299.54933
37.58623,299.55567
37.58138,299.55815
37.57965,299.55868
37.58198,299.55858
37.58607,299.56142
37.58818,299.56653
37.5883,299.57187
37.58878,299.57775
37.58988,299.58525
37.59095,299.5936
37.59318,299.60313
37.59625,299.61395
37.6009,299.62855
37.60545,299.64523
37.60993,299.66182
37.61695,299.67832
37.62698,299.6963
37.63992,299.71407
37.65445,299.73125
37.6701,299.74537
37.68877,299.75373
37.70992,299.75688
37.73215,299.75548
37.75487,299.7482
37.7762,299.73887
37.79598,299.72808
37.8136,299.72043
37.82813,299.71385
37.8387,299.70678
37.8472,299.6994
37.85432,299.69442
37.85728,299.69275
37.85607,299.69017
37.84785,299.68142
37.84142,299.66818
37.83728,299.6538
37.82858,299.64395
37.81747,299.63287
37.80475,299.62063
37.79085,299.60818
37.77625,299.59592
37.76022,299.58367
37.74385,299.57003
37.72643,299.55885
37.7072,299.54868
37.6856,299.54112
37.66243,299.53667
37.63875,299.53507
37.61592,299.53872
37.59817,299.55087
37.58362,299.56282
37.5688,299.57895
37.558,299.5953
37.55348,299.61135
37.55525,299.62858
37.55937,299.64623
37.5649,299.66017
37.57428,299.66687
37.57697,299.66923
37.58515,299.65858
37.59972,299.6432
37.61708,299.62205
37.63385,299.60687
37.6428,299.59432
37.64455,299.5799
37.64387,299.55897
37.63927,299.53653
37.63178,299.51323
37.61852,299.48998
37.60428,299.46598
37.59083,299.4438
37.57652,299.42832
37.56017,299.42022
37.54235,299.41463
37.52263,299.41315
37.50443,299.41892
37.48723,299.4242
37.4739,299.43148
37.46565,299.44077
37.46442,299.45342
37.46602,299.47042
37.47072,299.48665
37.4803,299.49855
37.49383,299.50665
37.51083,299.5116
37.5286,299.51402
37.54407,299.51215
37.55318,299.50812
37.56187,299.5014
37.56917,299.49318
37.57315,299.48068
37.57393,299.46185
37.57345,299.4356
37.57668,299.40193
37.58248,299.36985
37.58692,299.34257
37.58665,299.3225
37.58043,299.304
37.57147,299.28487
37.55893,299.26612
37.5422,299.24725
37.52412,299.22655
37.5047,299.20675
37.48352,299.18812
37.46608,299.17498
37.45287,299.16413
37.44405,299.15723
37.43983,299.15365
37.4376,299.15555
37.43705,299.16128
37.43778,299.17235
37.44218,299.18565
37.44892,299.19923
37.46035,299.208
37.47747,299.21377
37.49412,299.2125
37.51038,299.20545
37.52368,299.1935
37.5358,299.17565
37.54687,299.1525
37.55642,299.12578
37.56702,299.09532
37.5752,299.06642
37.57642,299.03867
37.57237,299.00913
37.56472,298.97582
37.55578,298.938
37.54882,298.89948
37.5437,298.86617
37.53952,298.83897
37.53575,298.81478
37.53375,298.79553
37.53303,298.78182
37.52975,298.77218
37.52472,298.76508
37.51788,298.75968
37.51415,298.7574
37.51377,298.75945
37.51507,298.76448
37.52045,298.77398
37.53187,298.77485
37.55025,298.76648
37.57252,298.75343
37.59212,298.73523
37.61052,298.70942
37.62905,298.67762
37.64722,298.64388
37.6625,298.60812
37.67355,298.57295
37.68142,298.53667
37.68498,298.49953
37.68475,298.4629
37.68203,298.42687
37.67728,298.3925
37.67208,298.35895
37.66678,298.32775
37.66097,298.30153
37.65548,298.28108
37.65137,298.26833
37.64738,298.26117
37.64568,298.25877
37.64765,298.26097
37.64913,298.26612
37.6566,298.2713
37.66947,298.27512
37.68865,298.27447
37.7128,298.26832
37.7404,298.26182
37.76915,298.25625
37.79185,298.24262
37.81458,298.2206
37.83682,298.19195
37.85788,298.16107
37.88028,298.12998
37.89797,298.10293
37.91347,298.07582
37.9264,298.0482
37.93827,298.0206
37.94602,297.99577
37.95288,297.97018
37.9558,297.94903
37.95458,297.93057
37.95065,297.91573
37.94292,297.90453
37.93202,297.89738
37.92057,297.89773
37.9084,297.90233
37.89828,297.9082
37.89298,297.91682
37.89267,297.92388
37.89843,297.93167
37.90858,297.94033
37.92275,297.94542
37.94098,297.95025
37.96408,297.95775
37.98897,297.96418
38.01643,297.96773
38.0448,297.96548
38.07462,297.95567
38.10743,297.94307
38.14227,297.93305
38.17667,297.92943
38.20277,297.92682
38.22478,297.92357
38.24068,297.92117
38.25653,297.91187
38.27445,297.89818
38.29205,297.88552
38.3085,297.87637
38.32355,297.87145
38.33873,297.86705
38.3562,297.86383
38.37028,297.86467
38.37992,297.86538
38.38922,297.86052
38.39913,297.85722
38.40915,297.86155
38.417,297.86685
38.42565,297.86812
38.435,297.87102
38.44625,297.86845
38.4606,297.86322
38.47547,297.86013
38.48785,297.8632
38.49778,297.86988
38.50692,297.87817
38.51695,297.88367
38.52732,297.88548
38.53715,297.88352
38.54547,297.8866
38.55452,297.88835
38.5639,297.89082
38.57407,297.89583
38.58183,297.90632
38.58727,297.91935
38.58985,297.93215
38.59248,297.94672
38.59532,297.96687
38.60202,297.9897
38.6162,298.01345
38.6352,298.03888
38.66057,298.06262
38.69057,298.08368
38.71843,298.10417
38.74702,298.12207
38.77242,298.14163
38.79813,298.15963
38.81963,298.17502
38.83907,298.1876
38.85662,298.19915
38.87258,298.20728
38.88528,298.21217
38.89762,298.21545
38.9102,298.22112
38.91888,298.2272
38.92293,298.23377
38.92558,298.2451
38.92608,298.26337
38.92602,298.28747
38.9268,298.31738
38.93115,298.354
38.93852,298.3935
38.94775,298.43185
38.96065,298.4697
38.97388,298.50368
38.98933,298.53342
39.00802,298.55965
39.0276,298.58243
39.04925,298.60332
39.07123,298.62353
39.08952,298.64105
39.10727,298.65597
39.12197,298.66875
39.13327,298.67848
39.13995,298.68482
39.1427,298.69157
39.14302,298.69727
39.14197,298.70867
39.13705,298.72528
39.13022,298.74793
39.12105,298.77757
39.11195,298.81005
39.10625,298.84098
39.10408,298.87375
39.10338,298.9108
39.10308,298.94637
39.10415,298.97893
39.10892,299.00887
39.1131,299.0338
39.11817,299.0563
39.12373,299.07593
39.1302,299.08988
39.13707,299.09982
39.14287,299.10567
39.14498,299.1122
39.14233,299.11518
39.13558,299.1178
39.12493,299.12288
39.1117,299.1307
39.09598,299.14315
39.08075,299.16117
39.06827,299.1799
39.05418,299.2023
39.03912,299.2272
39.02518,299.25478
39.01297,299.2835
39.0026,299.31348
38.99338,299.3404
38.98713,299.36455
38.98203,299.3884
38.98127,299.40875
38.97123,299.42518
38.95708,299.43862
38.94348,299.45225
38.9321,299.45945
38.92177,299.465
38.9143,299.4697
38.90845,299.47547
38.90338,299.47948
38.89962,299.48238
38.89368,299.48643
38.88413,299.48913
38.87143,299.49085
38.85532,299.4893
38.83992,299.48813
38.82535,299.4914
38.8067,299.50052
38.78638,299.51075
38.76647,299.51753
38.74828,299.5215
38.73455,299.52883
38.72422,299.53595
38.71678,299.5408
38.71055,299.54763
38.70388,299.55475
38.69482,299.56218
38.68173,299.56475
38.66995,299.56555
38.66157,299.56318
38.65565,299.56242
38.64985,299.55892
38.64202,299.55327
38.63357,299.54783
38.62837,299.5431
38.61975,299.53857
38.60783,299.53335
38.60035,299.53105
38.59057,299.5271
38.57908,299.519
38.56728,299.51102
38.55525,299.50528
38.54092,299.49977
38.52702,299.495
38.51417,299.49097
38.50312,299.48887
38.49302,299.48673
38.48445,299.48787
38.47678,299.48962
38.4705,299.49223
38.46493,299.49408
38.45963,299.49785
38.45472,299.49997
38.45102,299.49722
38.45122,299.48942
38.45472,299.48047
38.45797,299.47447
38.45875,299.47045
38.45805,299.46645
38.45538,299.4603
38.45112,299.45147
38.44595,299.4443
38.44038,299.4383
38.43515,299.43288
38.43237,299.42857
38.43288,299.42485
38.43637,299.42168
38.44085,299.41977
38.44277,299.41475
38.44432,299.40833
38.44638,299.39987
38.44663,299.38995
38.44497,299.38105
38.43935,299.37263
38.43258,299.3632
38.4246,299.35257
38.42032,299.34267
38.41712,299.33322
38.41548,299.32572
38.41718,299.31837
38.42048,299.31303
38.42445,299.31132
38.4265,299.30665
38.43022,299.29905
38.43538,299.2887
38.44182,299.27822
38.44623,299.26712
38.44978,299.25618
38.45275,299.24512
38.45697,299.23382
38.4607,299.2271
38.46233,299.22285
38.46353,299.21557
38.46467,299.20527
38.46415,299.19233
38.46582,299.18067
38.46742,299.17298
38.46768,299.16745
38.46533,299.16027
38.46395,299.15405
38.46553,299.14935
38.47163,299.14398
38.47978,299.13858
38.48772,299.1317
38.49467,299.12558
38.50105,299.1193
38.50597,299.1155
38.50917,299.11108
38.51058,299.10428
38.51298,299.096
38.51565,299.08808
38.51862,299.08133
38.52045,299.07418
38.52213,299.06698
38.5247,299.0592
38.52808,299.05302
38.5337,299.04775
38.54037,299.04613
38.54558,299.04652
38.54893,299.04868
38.55285,299.05125
38.55915,299.0526
38.56332,299.05548
38.56117,299.06163
38.56032,299.06872
38.56188,299.07382
38.56877,299.07798
38.57982,299.08112
38.59463,299.0871
38.60618,299.09517
38.6188,299.10798
38.62922,299.12193
38.63992,299.13287
38.65052,299.13837
38.66245,299.1372
38.67765,299.1292
38.69642,299.1206
38.71648,299.11172
38.73592,299.0991
38.75255,299.0856
38.76685,299.07293
38.77572,299.06228
38.77845,299.05158
38.77768,299.0436
38.77302,299.03918
38.76602,299.03553
38.75607,299.03427
38.74628,299.03623
38.7363,299.03997
38.72978,299.04847
38.72672,299.06225
38.73085,299.07998
38.73738,299.10133
38.74658,299.12558
38.76037,299.14857
38.77555,299.17062
38.79285,299.19043
38.81207,299.20715
38.83147,299.21773
38.85077,299.22218
38.86958,299.22202
38.88632,299.21798
38.90105,299.21287
38.91378,299.20608
38.92303,299.19933
38.92772,299.19412
38.9284,299.1898
38.92432,299.19218
38.91315,299.19492
38.90063,299.19802
38.8888,299.20317
38.8776,299.21332
38.8688,299.22867
38.86407,299.24703
38.86442,299.27045
38.86922,299.29662
38.87835,299.32143
38.89302,299.34507
38.91027,299.3668
38.92812,299.3896
38.94462,299.40693
38.96088,299.41913
38.97673,299.42845
38.99137,299.4384
39.00317,299.44978
39.01113,299.46332
39.01682,299.4757
39.02358,299.48525
39.02963,299.49598
39.03458,299.50768
39.03493,299.52237
39.03078,299.53838
39.02655,299.55087
39.0234,299.56153
39.0199,299.57182
39.01577,299.58037
39.01097,299.5862
39.00277,299.59132
38.99513,299.59975
38.98743,299.61215
38.98007,299.62945
38.975,299.64958
38.97105,299.67153
38.96858,299.69382
38.96912,299.71665
38.97092,299.74152
38.97668,299.76663
38.98597,299.79352
38.99698,299.81703
39.00768,299.84073
39.01728,299.8604
39.02635,299.87858
39.03117,299.895
39.0305,299.90822
39.03045,299.91588
39.03262,299.92257
39.03723,299.93118
39.04208,299.94118
39.0454,299.95743
39.04547,299.97612
39.0422,299.9949
