30.89012,311.0839
30.89613,311.07738
30.9014,311.06922
30.90855,311.06003
30.91907,311.0516
30.9298,311.04277
30.94248,311.03347
30.9533,311.02595
30.9596,311.01787
30.96615,311.00752
30.97397,310.99497
30.98195,310.98023
30.99283,310.96237
31.00552,310.94623
31.01648,310.93262
31.0291,310.91855
31.04472,310.90633
31.0605,310.89488
31.09083,310.87357
31.10325,310.86542
31.11425,310.85897
31.12375,310.85193
31.12983,310.84715
31.13408,310.84418
31.13562,310.83812
31.13783,310.83072
31.13697,310.8214
31.13645,310.81032
31.13622,310.7972
31.13645,310.78445
31.1373,310.76945
31.13763,310.75218
31.13957,310.73538
31.14272,310.71725
31.14607,310.69987
31.1515,310.68092
31.15753,310.66322
31.16592,310.64647
31.17482,310.6315
31.18305,310.61775
31.19122,310.60437
31.19998,310.5911
31.20912,310.5798
31.21722,310.57035
31.22538,310.56092
31.2325,310.55385
31.23977,310.54932
31.24472,310.54463
31.24742,310.54067
31.24838,310.53625
31.24927,310.52897
31.2489,310.52127
31.24797,310.51192
31.24697,310.50105
31.2474,310.48923
31.24855,310.4789
31.24825,310.46815
31.24928,310.45538
31.25407,310.44085
31.26097,310.42823
31.27003,310.41737
31.28038,310.4049
31.29068,310.3951
31.29968,310.38608
31.30862,310.37812
31.31788,310.37198
31.32638,310.36697
31.33405,310.3646
31.33783,310.36288
31.34058,310.3606
31.34357,310.35902
31.34378,310.35742
31.3437,310.35392
31.34368,310.34997
31.34457,310.34492
31.34447,310.34005
31.34265,310.33408
31.33988,310.32597
31.33607,310.3168
31.3334,310.30453
31.33143,310.29222
31.33058,310.27915
31.3322,310.26485
31.33335,310.25145
31.33763,310.23878
31.34378,310.22718
31.35042,310.21592
31.358,310.2052
31.36622,310.19595
31.3743,310.18843
31.3807,310.18018
31.38443,310.17295
31.3859,310.16798
31.38633,310.1627
31.3861,310.1571
31.38498,310.14968
31.38343,310.1403
31.3807,310.13012
31.38028,310.11962
31.38182,310.10902
31.38477,310.09952
31.38768,310.09152
31.38767,310.08332
31.386,310.07385
31.3846,310.06357
31.38465,310.05182
31.3866,310.03957
31.3887,310.0285
31.39132,310.01738
31.39447,310.00437
31.39875,309.99097
31.40438,309.97852
31.4105,309.96715
31.41642,309.95628
31.42267,309.94615
31.42597,309.93897
31.42677,309.93365
31.42705,309.9271
31.42587,309.91978
31.42503,309.91187
31.42403,309.90172
31.42418,309.88997
31.42697,309.87732
31.42908,309.86675
31.43183,309.85623
31.4337,309.84557
31.43597,309.83473
31.43783,309.8238
31.4402,309.81165
31.44283,309.8014
31.44515,309.79023
31.44825,309.77913
31.45247,309.76748
31.4567,309.75558
31.46265,309.74363
31.46912,309.73227
31.47483,309.72187
31.47928,309.71312
31.4826,309.7053
31.48577,309.6976
31.4882,309.68962
31.48908,309.68095
31.48888,309.67077
31.48838,309.65945
31.49047,309.648
31.4929,309.63588
31.49723,309.62288
31.50187,309.61168
31.50522,309.60115
31.50812,309.59203
31.51167,309.58247
31.51578,309.57418
31.51918,309.56593
31.52117,309.55743
31.52268,309.54708
31.52485,309.5365
31.52737,309.52412
31.53142,309.51215
31.53725,309.50097
31.54483,309.49197
31.55452,309.48453
31.56575,309.47693
31.57728,309.4712
31.58347,309.46755
31.58573,309.46203
31.58748,309.45658
31.58847,309.45017
31.58798,309.44387
31.58785,309.4356
31.58783,309.42395
31.58938,309.40947
31.5932,309.39557
31.59987,309.3816
31.60858,309.37033
31.6171,309.36292
31.62305,309.35752
31.63015,309.3508
31.63528,309.34418
31.64,309.33957
31.6428,309.3356
31.64187,309.33198
31.64237,309.32643
31.64342,309.31965
31.64543,309.31418
31.64747,309.30983
31.64905,309.30445
31.65075,309.29965
31.65108,309.29375
31.65255,309.28825
31.653,309.28122
31.65375,309.2745
31.65217,309.2672
31.6511,309.25875
31.65012,309.24918
31.651,309.23763
31.65387,309.22618
31.65813,309.21613
31.66512,309.20813
31.67177,309.20405
31.67605,309.20247
31.6793,309.20037
31.68138,309.19807
31.6797,309.19535
31.67955,309.1947
31.67953,309.1917
31.67923,309.18692
31.68057,309.18162
31.68325,309.17698
31.68522,309.17157
31.68595,309.16692
31.68682,309.16092
31.68932,309.15582
31.69202,309.15162
31.6947,309.14887
31.69783,309.14443
31.70123,309.14113
31.70402,309.13482
31.7068,309.12772
31.71063,309.1213
31.71453,309.11582
31.72142,309.10923
31.72988,309.10315
31.73947,309.09665
31.74925,309.09005
31.75923,309.08665
31.77022,309.08512
31.78107,309.0851
31.79113,309.08435
31.79948,309.08233
31.80707,309.08105
31.81433,309.0789
31.82162,309.07738
31.82863,309.07405
31.838,309.06885
31.84842,309.06532
31.85802,309.06212
31.86463,309.05748
31.87178,309.05182
31.87695,309.04623
31.88102,309.04028
31.88318,309.03035
31.88403,309.0162
31.88735,309.00113
31.89462,308.9878
31.90213,308.97632
31.91103,308.96235
31.92133,308.94963
31.9323,308.9381
31.94197,308.92928
31.94803,308.9224
31.95392,308.91535
31.95788,308.90952
31.95888,308.90335
31.95808,308.8958
31.95635,308.88858
31.95368,308.88015
31.95355,308.86997
31.95337,308.85742
31.9512,308.84587
31.94855,308.83703
31.9451,308.8269
31.94185,308.81553
31.93592,308.80293
31.93272,308.78947
31.92942,308.77468
31.92883,308.759
31.92918,308.74558
31.92782,308.73553
31.92812,308.72627
31.9278,308.71983
31.9264,308.71383
31.92558,308.7069
31.9252,308.70092
31.92315,308.69703
31.92172,308.69422
31.92023,308.6923
31.91607,308.69122
31.91302,308.68998
31.90948,308.69035
31.90392,308.68872
31.8985,308.68603
31.89233,308.68478
31.88468,308.68362
31.87662,308.68183
31.86762,308.6781
31.85892,308.67375
31.85245,308.667
31.84923,308.66007
31.8468,308.65503
31.84338,308.65305
31.83888,308.6526
31.83275,308.65348
31.82468,308.65307
31.81967,308.65178
31.81383,308.65278
31.80857,308.65483
31.80595,308.65605
31.80337,308.65927
31.80265,308.6644
31.80028,308.67328
31.79607,308.68383
31.7887,308.69387
31.78058,308.70247
31.77208,308.71147
31.76293,308.71823
31.75568,308.7236
31.74932,308.72753
31.74243,308.73033
31.73672,308.73248
31.73237,308.73412
31.73123,308.73435
31.73097,308.73348
31.73247,308.73398
31.73643,308.73427
31.74145,308.73918
31.7439,308.74808
31.74575,308.7587
31.74523,308.77005
31.74255,308.77968
31.73893,308.78657
31.7361,308.79178
31.73518,308.79293
31.73717,308.79035
31.73988,308.7871
31.74547,308.78368
31.75473,308.7828
31.76488,308.78303
31.77412,308.78328
31.78578,308.78452
31.7988,308.78942
31.8102,308.79672
31.8193,308.80702
31.82792,308.81747
31.83473,308.82425
31.84207,308.82813
31.84968,308.83223
31.85853,308.83447
31.86572,308.83588
31.8718,308.83678
31.87615,308.83635
31.8828,308.8355
31.88945,308.83338
31.89655,308.82853
31.90222,308.82323
31.90827,308.8175
31.91598,308.81078
31.92662,308.80543
31.93787,308.80135
31.94907,308.79875
31.96042,308.79735
31.97022,308.79645
31.97915,308.79702
31.98693,308.79943
31.9926,308.80332
31.99685,308.80615
32.0007,308.80813
32.00403,308.80858
32.00753,308.80732
32.01262,308.80492
32.01883,308.80373
32.02508,308.80028
32.03095,308.79722
32.03655,308.79458
32.04208,308.79178
32.04807,308.79012
32.0529,308.78732
32.06043,308.78275
32.06848,308.77993
32.0769,308.7788
32.08415,308.77845
32.09103,308.7781
32.09817,308.77782
32.10448,308.77635
32.11127,308.77637
32.11755,308.77705
32.12325,308.77803
32.12845,308.77963
32.13338,308.78277
32.1362,308.78672
32.13553,308.79157
32.13255,308.7931
32.12853,308.79065
32.12597,308.78598
32.12468,308.7792
32.12462,308.77057
32.1277,308.76007
32.13325,308.74908
32.14075,308.7404
32.1484,308.7341
32.15273,308.72955
32.1572,308.72662
32.16188,308.72473
32.16433,308.72283
32.16552,308.7205
32.16848,308.7195
32.16967,308.71798
32.16932,308.71622
32.16882,308.71338
32.16943,308.7102
32.1684,308.70662
32.16773,308.70453
32.16618,308.70153
32.16325,308.6972
32.15933,308.69255
32.15543,308.6854
32.1515,308.67632
32.14653,308.6664
32.1455,308.65218
32.14133,308.6389
32.14325,308.62588
32.14902,308.61447
32.15425,308.60632
32.15977,308.59862
32.16402,308.5924
32.16587,308.58768
32.16777,308.58078
32.17028,308.57317
32.17282,308.56582
32.17502,308.55873
32.17788,308.54882
32.17958,308.5377
32.18138,308.52568
32.1847,308.51275
32.18867,308.50113
32.19348,308.48888
32.19795,308.47808
32.20235,308.46963
32.20517,308.46082
32.20833,308.45132
32.211,308.44223
32.21525,308.43372
32.21995,308.42518
32.22555,308.41785
32.23038,308.41033
32.2322,308.40345
32.2326,308.39672
32.23278,308.3891
32.23293,308.38262
32.23293,308.3768
32.2357,308.37098
32.24105,308.3665
32.24665,308.35937
32.25448,308.35505
32.26052,308.35358
32.26632,308.35252
32.27253,308.35202
32.2798,308.35082
32.28828,308.35122
32.29407,308.35268
32.2982,308.35358
32.3031,308.3577
32.306,308.36317
32.30715,308.36877
32.30862,308.37175
32.31012,308.37337
32.31055,308.37503
32.30923,308.37355
32.31042,308.369
32.31155,308.36447
32.3138,308.36003
32.31765,308.35372
32.32245,308.34978
32.32732,308.34597
32.33233,308.34367
32.33743,308.34085
32.34305,308.33647
32.34902,308.33365
32.35502,308.3327
32.36053,308.33342
32.36362,308.33638
32.3656,308.339
32.36858,308.3395
32.37187,308.34135
32.37425,308.34222
32.37912,308.34367
32.38388,308.34598
32.38737,308.34845
32.38917,308.34993
32.3924,308.3492
32.39448,308.34782
32.39667,308.34675
32.39805,308.34583
32.3996,308.34608
32.40182,308.34567
32.4037,308.3463
32.40573,308.34673
32.4089,308.34445
32.41443,308.34137
32.42035,308.34038
32.42625,308.33962
32.43212,308.34052
32.43635,308.34515
32.43778,308.34982
32.44053,308.35503
32.43977,308.36317
32.43958,308.36702
32.44033,308.36815
32.44338,308.36825
32.44515,308.36885
32.44053,308.37442
32.43853,308.38095
32.43953,308.38683
32.4415,308.39088
32.44182,308.39423
32.44288,308.39973
32.44188,308.40433
32.43917,308.4093
32.43743,308.41047
32.4349,308.41145
32.43398,308.41455
32.43377,308.4175
32.43308,308.42058
32.43017,308.4224
32.42728,308.42693
32.42267,308.43018
32.41688,308.43145
32.41432,308.43003
32.41395,308.42772
32.41375,308.4253
32.41423,308.42442
32.41172,308.42358
32.4117,308.42267
32.40987,308.42265
32.4087,308.42265
32.40747,308.42343
32.40745,308.4257
32.40753,308.42697
32.40698,308.42848
32.40745,308.42895
32.40488,308.4315
32.40078,308.4316
32.39687,308.43013
32.39413,308.427
32.39557,308.42388
32.3981,308.42145
32.40138,308.42067
32.40432,308.42227
32.40772,308.4254
32.41,308.4293
32.41252,308.43357
32.41567,308.43992
32.41747,308.44913
32.41642,308.45717
32.41345,308.46543
32.4095,308.47157
32.40497,308.47695
32.40205,308.48165
32.39965,308.4837
32.3969,308.48412
32.39628,308.484
32.3978,308.48317
