29.98733,319.3997
29.99028,319.39153
29.99227,319.38475
29.9934,319.37847
29.99187,319.37168
29.9896,319.36408
29.98582,319.35765
29.97913,319.34677
29.97197,319.33598
29.97072,319.32412
29.96983,319.31522
29.96838,319.3058
29.96788,319.29472
29.97002,319.284
29.97077,319.27517
29.97212,319.26622
29.97185,319.25737
29.97228,319.24858
29.9745,319.23923
29.9734,319.23193
29.97102,319.22327
29.96968,319.21467
29.9666,319.20905
29.96262,319.20373
29.95753,319.19732
29.9525,319.18932
29.94862,319.17947
29.94527,319.1674
29.94108,319.15523
29.93858,319.1449
29.93642,319.13593
29.93268,319.12952
29.9273,319.12195
29.92208,319.11307
29.91768,319.10335
29.91682,319.09178
29.91528,319.0821
29.91313,319.07458
29.91178,319.0663
29.90893,319.05983
29.90772,319.05375
29.9077,319.0472
29.9064,319.04192
29.9039,319.03532
29.90035,319.02678
29.89638,319.01848
29.89218,319.0099
29.88823,319.00198
29.88468,318.996
29.87968,318.99173
29.87572,318.98807
29.87227,318.98585
29.86802,318.98445
29.86202,318.98182
29.85558,318.97695
29.85043,318.97037
29.8456,318.96222
29.84227,318.95343
29.84217,318.94438
29.83955,318.93665
29.83925,318.9292
29.83962,318.9211
29.83845,318.91218
29.83707,318.90473
29.83523,318.89868
29.83255,318.89202
29.82978,318.88565
29.82682,318.88095
29.82295,318.87748
29.82013,318.87173
29.81437,318.86405
29.80933,318.85445
29.80422,318.84528
29.79868,318.83312
29.7982,318.81805
29.79912,318.80615
29.80075,318.79542
29.80365,318.78578
29.80363,318.77755
29.80173,318.76937
29.80085,318.7617
29.80007,318.75515
29.79757,318.74668
29.79747,318.73818
29.79918,318.73185
29.80113,318.72665
29.80398,318.72088
29.80778,318.71543
29.80983,318.70827
29.81248,318.70295
29.81487,318.69838
29.8145,318.69703
29.81425,318.69755
29.81277,318.69807
29.81173,318.69797
29.8102,318.69567
29.8065,318.69148
29.80317,318.68528
29.8025,318.67752
29.80268,318.66902
29.80288,318.66227
29.80342,318.65635
29.80317,318.65048
29.80425,318.64503
29.80488,318.6388
29.80672,318.63558
29.80762,318.63188
29.811,318.62905
29.81473,318.6245
29.81885,318.61827
29.82293,318.61123
29.82697,318.60468
29.831,318.59843
29.83565,318.59205
29.84142,318.58715
29.84623,318.58387
29.84922,318.58097
29.85087,318.5805
29.85253,318.57948
29.85408,318.578
29.85422,318.5766
29.85363,318.57232
29.85587,318.56685
29.86002,318.5604
29.86678,318.5563
29.87388,318.55362
29.87788,318.55192
29.87928,318.55055
29.87897,318.54867
29.87823,318.54547
29.87758,318.5397
29.87883,318.5327
29.88237,318.52537
29.8878,318.51843
29.8944,318.5127
29.90015,318.50813
29.90408,318.50748
29.9075,318.50652
29.91197,318.5048
29.91482,318.50258
29.91738,318.50332
29.91787,318.5044
29.91593,318.5043
29.91308,318.50235
29.90918,318.4997
29.90805,318.4936
29.91108,318.48632
29.9167,318.47978
29.9216,318.4741
29.926,318.46957
29.93038,318.46592
29.9356,318.4624
29.93913,318.45987
29.94202,318.45835
29.94308,318.45763
29.94365,318.4574
29.9435,318.4566
29.94292,318.45253
29.94237,318.44715
29.94298,318.4423
29.9478,318.43653
29.95357,318.43123
29.95975,318.42562
29.96735,318.4216
29.97535,318.41907
29.98203,318.41703
29.98468,318.41673
29.98383,318.41627
29.9816,318.41565
29.97882,318.41422
29.97615,318.41097
29.97482,318.40633
29.97395,318.40095
29.97443,318.39473
29.97582,318.38877
29.97945,318.383
29.98345,318.37782
29.98878,318.37437
29.99335,318.37152
29.99673,318.3678
29.9981,318.3654
29.99675,318.36252
29.99358,318.3585
29.99117,318.35178
29.99155,318.34332
29.99347,318.33327
29.99712,318.32412
30.00402,318.31552
30.01217,318.30987
30.02128,318.30763
30.02693,318.30848
30.02895,318.31017
30.02962,318.3117
30.02835,318.3113
30.0279,318.30823
30.02803,318.3055
30.02947,318.30342
30.0312,318.2984
30.03228,318.29103
30.03397,318.2837
30.04,318.27765
30.04773,318.2726
30.0561,318.27065
30.06302,318.2702
30.06767,318.2701
30.07178,318.26822
30.07603,318.26527
30.08053,318.26327
30.08618,318.26173
30.09217,318.25957
30.0987,318.2559
30.10648,318.25258
30.1132,318.25133
30.11855,318.25125
30.12257,318.25173
30.12603,318.25167
30.12902,318.25082
30.13047,318.25035
30.13048,318.24948
30.12985,318.24728
30.12958,318.24413
30.13008,318.24113
30.13182,318.23717
30.1361,318.2346
30.14228,318.23152
30.14748,318.23017
30.15272,318.23103
30.15773,318.2328
30.16035,318.23502
30.16052,318.23683
30.1596,318.23653
30.15723,318.23423
30.1547,318.23118
30.15393,318.22778
30.15575,318.22417
30.1583,318.21912
30.16308,318.21515
30.16838,318.21278
30.1742,318.212
30.179,318.21385
30.18208,318.21713
30.18375,318.21937
30.1833,318.21977
30.18133,318.21935
30.17922,318.2177
30.17733,318.21482
30.1772,318.2116
30.18043,318.20858
30.18473,318.20575
30.19182,318.20388
30.2001,318.2042
30.20962,318.20777
30.21818,318.21338
30.22138,318.2196
30.22163,318.22683
30.2197,318.2331
30.21622,318.23747
30.21167,318.24065
30.20987,318.24337
30.20938,318.2446
30.20875,318.24598
30.20937,318.24703
30.20943,318.2473
30.20932,318.24608
30.21028,318.24657
30.21115,318.24865
30.20933,318.25105
30.20645,318.25357
30.20367,318.2553
30.20157,318.25562
30.2021,318.25657
30.2041,318.25793
30.20793,318.25795
30.21463,318.25918
30.22222,318.26277
30.2308,318.26807
30.23852,318.27558
30.24512,318.2852
30.2479,318.29523
30.24762,318.30603
30.24548,318.31987
30.24332,318.33258
30.23922,318.34168
30.23335,318.34865
30.22725,318.35173
30.22415,318.35255
30.22195,318.35232
30.2225,318.35067
30.22443,318.3511
30.22637,318.35217
30.22715,318.35325
30.22827,318.35133
30.23087,318.35013
30.23287,318.3515
30.2361,318.3545
30.2399,318.35775
30.24682,318.3609
30.25298,318.3625
30.26003,318.36372
30.26865,318.36568
30.27575,318.37073
30.28287,318.37882
30.28772,318.3874
30.29087,318.3947
30.29515,318.40468
30.2979,318.41645
30.3002,318.42983
30.30155,318.44222
30.30042,318.45097
30.2997,318.4581
30.2977,318.4635
30.29327,318.46628
30.28985,318.46452
30.28827,318.45973
30.28895,318.45638
30.29217,318.45475
30.29427,318.45312
30.29847,318.4507
30.30083,318.45115
30.30428,318.45125
30.31052,318.4531
30.3145,318.45748
30.31618,318.4634
30.3178,318.46912
30.3184,318.47275
30.31985,318.47675
30.32127,318.48047
30.32357,318.48447
30.3278,318.48617
30.33238,318.48585
30.3372,318.48708
30.34222,318.48707
30.34255,318.48795
30.34143,318.48748
30.33892,318.4838
30.33832,318.47738
30.34157,318.46888
30.34622,318.46273
30.35285,318.45877
30.35853,318.45677
30.36412,318.4549
30.36963,318.45497
30.37612,318.45523
30.38317,318.45585
30.38703,318.45517
30.38918,318.45178
30.39147,318.4488
30.39323,318.44417
30.39692,318.43925
30.40155,318.43525
30.40988,318.43127
30.4217,318.42883
30.43225,318.42805
30.4431,318.42898
30.45118,318.43047
30.45555,318.43185
30.4567,318.43148
30.45828,318.42798
30.45823,318.42233
30.45817,318.41513
30.45828,318.40438
30.45942,318.39238
30.46442,318.37958
30.4732,318.36815
30.48345,318.35817
30.49852,318.35053
30.5139,318.34742
30.525,318.34612
30.53573,318.34565
30.54278,318.34457
30.54947,318.34183
30.5574,318.34067
30.56268,318.3354
30.56707,318.33007
30.57123,318.32387
30.57573,318.31675
30.58003,318.31017
30.5841,318.30287
30.58743,318.2943
30.58872,318.28633
30.58907,318.27692
30.59008,318.26628
30.59028,318.25558
30.59102,318.24145
30.591,318.22718
30.59202,318.2117
30.59435,318.19408
30.59693,318.1788
30.59943,318.16608
30.60145,318.15755
30.60275,318.1496
30.60285,318.14147
30.6027,318.1329
30.6041,318.12268
30.6048,318.11405
30.60868,318.10562
30.61368,318.09698
30.6191,318.08895
30.62268,318.08115
30.62845,318.07647
30.63272,318.07468
30.63342,318.07317
30.63295,318.06758
30.63275,318.06098
30.63178,318.0547
30.6287,318.0476
30.62578,318.03933
30.62215,318.02885
30.61992,318.01823
30.61973,318.0051
30.62205,317.99268
30.62442,317.9824
30.62423,317.9718
30.62572,317.95777
30.6288,317.94383
30.63443,317.9307
30.64015,317.91773
30.64555,317.9063
30.65137,317.89417
30.66032,317.8857
30.67012,317.8786
30.68087,317.87262
30.69012,317.86785
30.69873,317.86452
30.70582,317.86173
30.71162,317.85822
30.71577,317.8533
30.71938,317.84713
30.72067,317.84353
30.72118,317.83758
30.72023,317.83048
30.71895,317.82197
30.71743,317.81167
30.71872,317.80143
30.72205,317.79093
30.7252,317.77897
30.72687,317.76087
30.73005,317.73903
30.7385,317.72172
30.74772,317.70913
30.75748,317.6988
30.76617,317.69163
30.77598,317.68303
30.78557,317.67588
30.79477,317.66802
30.80462,317.6599
30.81637,317.65267
30.82848,317.64462
30.84235,317.63883
30.8558,317.63393
30.86637,317.63005
30.87683,317.62942
30.88648,317.63158
30.8924,317.63325
30.89382,317.63288
30.89272,317.62857
30.89053,317.62285
30.88772,317.6147
30.8848,317.60232
30.88428,317.58988
30.886,317.5772
30.88963,317.56373
30.89723,317.55205
30.9074,317.54038
30.92072,317.53092
30.93452,317.52447
30.94877,317.52102
30.9587,317.52095
30.96692,317.52267
30.97113,317.52628
30.97157,317.53102
30.96942,317.53378
30.96483,317.53563
30.95805,317.53545
30.95162,317.53282
30.94637,317.52987
30.94233,317.52615
30.9392,317.52153
30.93723,317.51675
30.93485,317.51083
30.93203,317.50467
30.93123,317.49755
30.93068,317.4878
30.92977,317.4763
30.93057,317.46252
30.93443,317.45013
30.94088,317.4374
30.94952,317.42498
30.95873,317.41593
30.96957,317.40903
30.98187,317.4033
30.99322,317.39822
31.00332,317.39562
31.01173,317.39445
31.02015,317.39365
31.0277,317.39378
31.03362,317.39572
31.0365,317.3983
31.03588,317.40043
31.03233,317.4015
31.02558,317.40262
31.01897,317.39975
31.01213,317.392
31.00855,317.38417
31.00543,317.37292
31.00312,317.36035
31.00322,317.34413
31.00782,317.32947
31.01297,317.31712
31.01908,317.30602
31.02623,317.29568
31.03502,317.28597
31.04382,317.27767
31.05088,317.27033
31.05842,317.26535
31.06473,317.26052
31.07068,317.25748
31.0743,317.25282
31.07785,317.24885
31.08413,317.24695
31.0884,317.24447
31.09087,317.24167
31.09058,317.23857
31.08935,317.23245
31.08893,317.2258
31.08925,317.22023
31.08915,317.21433
31.08905,317.2057
31.08995,317.19402
31.09168,317.18295
31.09505,317.16982
31.09975,317.15407
31.10635,317.13893
31.11377,317.1234
31.12525,317.10878
31.13728,317.09768
31.14867,317.09018
31.16025,317.08478
31.17063,317.08165
31.17898,317.0783
31.18542,317.07573
31.19245,317.07238
31.20138,317.0671
31.21042,317.05955
31.22018,317.05217
31.22807,317.04523
31.2358,317.03653
31.2448,317.0278
31.25687,317.01832
31.2677,317.01068
31.27748,317.00068
31.28548,316.99123
