37.38632,299.7352
37.38855,299.72652
37.3931,299.71773
37.39938,299.70878
37.4073,299.7002
37.41585,299.69257
37.42583,299.68683
37.4367,299.6849
37.44682,299.68505
37.45783,299.68805
37.4695,299.69393
37.4801,299.70278
37.48875,299.71327
37.49562,299.7249
37.5003,299.7378
37.50262,299.7476
37.5041,299.75457
37.5066,299.75515
37.50858,299.75682
37.51085,299.75983
37.51373,299.76057
37.5168,299.75907
37.51977,299.75677
37.52495,299.75445
37.53178,299.75177
37.54022,299.7486
37.55003,299.74625
37.56118,299.74607
37.57498,299.74598
37.5892,299.74963
37.60455,299.75483
37.62248,299.76083
37.64122,299.76967
37.65948,299.78267
37.6789,299.79512
37.69967,299.80468
37.72107,299.81103
37.74173,299.81697
37.76085,299.82033
37.77725,299.82053
37.79275,299.82035
37.80778,299.81828
37.82208,299.81395
37.83603,299.80867
37.84937,299.80513
37.86147,299.8026
37.87068,299.80082
37.88098,299.79835
37.8924,299.79822
37.9034,299.80112
37.91522,299.80802
37.92625,299.81913
37.93088,299.8343
37.9319,299.84725
37.93222,299.85688
37.93122,299.86398
37.93062,299.86782
37.93125,299.86977
37.933,299.87188
37.93238,299.87555
37.92737,299.87962
37.9225,299.88025
37.91805,299.87947
37.91382,299.87663
37.91015,299.87303
37.90832,299.8684
37.90558,299.86555
37.90382,299.86277
37.90228,299.85968
37.90018,299.8578
37.89792,299.85718
37.89372,299.85533
37.88905,299.85268
37.88475,299.84942
37.88153,299.84657
37.8747,299.8419
37.865,299.83568
37.85323,299.82868
37.83897,299.8174
37.8258,299.79937
37.81808,299.77713
37.81548,299.75208
37.81462,299.72948
37.8129,299.70967
37.80908,299.68587
37.80672,299.6583
37.80552,299.63158
37.80608,299.60582
37.81348,299.5825
37.82193,299.56257
37.82772,299.54795
37.83055,299.53857
37.8312,299.53427
37.82932,299.53208
37.82365,299.52968
37.81415,299.52592
37.80158,299.52075
37.78782,299.51157
37.77693,299.49653
37.76685,299.47852
37.75767,299.45922
37.74818,299.44092
37.7394,299.42233
37.7301,299.40302
37.72083,299.3848
37.7116,299.36455
37.7017,299.34122
37.69375,299.31893
37.68617,299.30075
37.68135,299.28087
37.67728,299.26225
37.67517,299.24515
37.67515,299.23008
37.67472,299.2179
37.67385,299.20828
37.6713,299.20125
37.66653,299.19775
37.65818,299.19538
37.64583,299.19082
37.63102,299.1814
37.61492,299.16808
37.5983,299.15247
37.5794,299.13128
37.56235,299.10548
37.5485,299.07667
37.5376,299.04677
37.52953,299.018
37.5239,298.9907
37.52175,298.9656
37.52253,298.9428
37.525,298.92262
37.52843,298.90352
37.53213,298.88767
37.53465,298.87467
37.53452,298.86275
37.53243,298.84898
37.53047,298.83593
37.52567,298.82232
37.52057,298.80635
37.51577,298.78608
37.51282,298.7642
37.51102,298.74038
37.51115,298.71623
37.51297,298.68965
37.51622,298.66402
37.52153,298.6363
37.52685,298.60908
37.53387,298.58382
37.54318,298.55902
37.55303,298.53453
37.56368,298.51142
37.57497,298.48922
37.5872,298.47075
37.59853,298.45483
37.6107,298.43983
37.62313,298.42563
37.63477,298.41497
37.64712,298.40568
37.65805,298.3965
37.66905,298.3866
37.67785,298.3781
37.6846,298.36812
37.69285,298.35652
37.70107,298.34287
37.70702,298.32988
37.7136,298.31587
37.71993,298.30123
37.72652,298.28757
37.73315,298.27423
37.7393,298.25947
37.74588,298.24288
37.75453,298.22485
37.76428,298.2092
37.7723,298.19585
37.78047,298.18198
37.78802,298.16918
37.79652,298.156
37.80642,298.14265
37.81568,298.12985
37.82483,298.11785
37.83353,298.10912
37.84235,298.1016
37.85102,298.09497
37.859,298.08895
37.86395,298.0826
37.86738,298.07502
37.86852,298.06753
37.86855,298.05732
37.86772,298.04233
37.86673,298.02568
37.86462,298.00763
37.86485,297.98848
37.86402,297.97168
37.86297,297.95557
37.86135,297.94077
37.85757,297.92828
37.85258,297.91533
37.8464,297.90372
37.8398,297.89325
37.83415,297.88422
37.82772,297.88
37.81958,297.87972
37.81218,297.88413
37.80678,297.8916
37.80248,297.90245
37.79727,297.91837
37.79237,297.93448
37.7909,297.95028
37.791,297.96638
37.79232,297.98133
37.79418,297.99487
37.79787,298.00332
37.805,298.00588
37.81395,298.01048
37.8245,298.0163
37.83672,298.01728
37.85147,298.0147
37.87013,298.00938
37.89085,298.00648
37.91418,298.00713
37.94,298.01278
37.96688,298.01972
37.99577,298.02473
38.02608,298.02903
38.05728,298.03188
38.08917,298.03538
38.12253,298.03727
38.15675,298.0388
38.1921,298.0424
38.22718,298.04948
38.26157,298.05303
38.29667,298.05647
38.33055,298.06308
38.36337,298.07205
38.39433,298.0838
38.42537,298.0966
38.45507,298.10913
38.48357,298.12552
38.51117,298.14312
38.53702,298.16385
38.56408,298.18505
38.58993,298.20438
38.61612,298.22372
38.64258,298.24427
38.66697,298.26657
38.69048,298.2879
38.71372,298.3098
38.73722,298.33482
38.76097,298.36198
38.78197,298.39127
38.80352,298.42245
38.82158,298.45643
38.83718,298.49138
38.84842,298.52425
38.85845,298.55635
38.8685,298.58817
38.87665,298.61895
38.8837,298.64983
38.8912,298.6787
38.89862,298.70998
38.90493,298.7417
38.91035,298.77067
38.91485,298.8008
38.91935,298.8312
38.92275,298.86193
38.92407,298.89658
38.923,298.92865
38.92058,298.96385
38.91458,298.99782
38.90698,299.03193
38.89867,299.06828
38.88473,299.10813
38.8662,299.14107
38.84797,299.16913
38.82852,299.19495
38.80877,299.21828
38.78737,299.23573
38.7634,299.24813
38.74113,299.25412
38.72265,299.25727
38.70563,299.25625
38.69192,299.25222
38.68317,299.24812
38.67727,299.24762
38.67207,299.25345
38.66552,299.26248
38.65967,299.27273
38.64915,299.28718
38.63485,299.29815
38.61672,299.30593
38.59462,299.31152
38.56998,299.31213
38.54477,299.3068
38.51982,299.29825
38.49735,299.28322
38.47713,299.26653
38.45905,299.24637
38.44192,299.22302
38.4292,299.19608
38.41982,299.16922
38.41492,299.14213
38.41315,299.11523
38.41553,299.09183
38.41988,299.07217
38.42562,299.05477
38.42877,299.04118
38.43372,299.03008
38.4353,299.02128
38.4362,299.01417
38.4337,299.0076
38.43005,299.0017
38.42453,298.99278
38.41808,298.98053
38.4098,298.96297
38.40265,298.94252
38.39588,298.91745
38.38858,298.88812
38.3893,298.85843
38.3964,298.82962
38.40762,298.80227
38.4222,298.7788
38.43833,298.75638
38.45667,298.73147
38.47742,298.7091
38.497,298.69005
38.51387,298.67575
38.53015,298.66605
38.54433,298.6595
38.5569,298.65712
38.5669,298.65857
38.57232,298.66712
38.57425,298.67545
38.57108,298.68482
38.56102,298.6877
38.54808,298.67662
38.53897,298.65942
38.53355,298.6411
38.52762,298.62052
38.52533,298.59863
38.5261,298.5745
38.52908,298.55003
38.53277,298.52843
38.54192,298.5077
38.55277,298.48765
38.56642,298.46783
38.58382,298.45078
38.60423,298.43803
38.6265,298.4315
38.64745,298.43167
38.66548,298.43675
38.68012,298.44528
38.69075,298.45473
38.7,298.46352
38.7061,298.46933
38.71133,298.47273
38.71465,298.47062
38.71645,298.46385
38.71805,298.45272
38.72017,298.43765
38.72655,298.41982
38.7364,298.39848
38.75108,298.37602
38.77122,298.35537
38.79252,298.3382
38.81925,298.32472
38.84732,298.31685
38.87695,298.3168
38.90718,298.32267
38.93698,298.33442
38.96315,298.34945
38.98623,298.36527
39.00612,298.38213
39.02253,298.39808
39.03793,298.41235
39.05145,298.42678
39.06428,298.43775
39.08055,298.44297
39.09905,298.45222
39.11983,298.45828
39.14457,298.46528
39.1713,298.47485
39.1988,298.48652
39.22583,298.50148
39.25252,298.52123
39.2804,298.54453
39.30552,298.57188
39.33027,298.60222
39.35342,298.63618
39.37405,298.67307
39.39087,298.71217
39.4048,298.75113
39.41823,298.78888
39.4315,298.82683
39.4449,298.86338
39.45825,298.89982
39.47175,298.93303
39.48758,298.96408
39.50397,298.99382
39.52372,299.02487
39.54763,299.06603
39.57035,299.11712
39.58967,299.17303
39.6034,299.23952
39.61128,299.31102
39.61255,299.38317
39.60968,299.45038
39.60353,299.51277
39.59607,299.5697
39.5871,299.61797
39.57938,299.65917
39.57028,299.69172
39.5627,299.72128
39.55985,299.74723
39.55827,299.76793
39.55827,299.78228
39.56295,299.79967
39.57208,299.82082
39.58553,299.84583
39.60315,299.878
39.61887,299.91598
39.63108,299.96278
39.64178,300.01287
39.65207,300.07067
39.66203,300.13232
39.66672,300.20032
39.66918,300.27062
39.66645,300.34425
39.65773,300.41593
39.64522,300.48943
39.62958,300.56278
39.61275,300.63227
39.59415,300.69698
39.57682,300.75843
39.5599,300.81558
39.54295,300.86908
39.52878,300.91997
39.51587,300.96948
39.50353,301.02088
39.49055,301.06985
39.47805,301.11635
39.46685,301.16315
39.45832,301.2084
39.44968,301.25645
39.44178,301.30307
39.43345,301.34817
39.42332,301.3928
39.4132,301.4352
39.40325,301.47562
39.39275,301.51095
39.38453,301.54393
39.37707,301.57607
39.36895,301.60757
39.35847,301.64052
39.34568,301.6709
39.33075,301.69607
39.31617,301.71695
39.30255,301.73412
39.2917,301.74673
39.28322,301.75867
39.27753,301.76995
39.2751,301.78498
39.27263,301.80002
39.27058,301.8131
39.27048,301.82365
39.27157,301.83763
39.27205,301.85362
39.27138,301.87315
39.26865,301.88837
39.26607,301.90237
39.26322,301.91778
39.25203,301.93655
39.23477,301.9537
39.21535,301.96715
39.19302,301.9768
39.16883,301.9806
39.1423,301.97738
39.11532,301.96767
39.08903,301.95107
39.06403,301.93155
39.04107,301.90932
39.02005,301.88442
39.00033,301.85788
38.98137,301.83117
38.96408,301.80638
38.94792,301.78483
38.93027,301.76432
38.91345,301.74243
38.89682,301.7223
38.8791,301.70338
38.86033,301.68317
38.83842,301.66352
38.81355,301.6423
38.78845,301.6184
38.76027,301.59285
38.7298,301.56472
38.69812,301.53312
38.6674,301.49885
38.63997,301.46297
38.61365,301.42448
38.58903,301.38708
38.56668,301.3525
38.54825,301.32112
38.53113,301.29558
38.51358,301.27443
38.4948,301.25648
38.47465,301.2409
38.45387,301.22633
38.43215,301.21082
38.41008,301.19572
38.38783,301.18003
38.3623,301.16333
38.33422,301.14857
38.30388,301.13352
38.27343,301.11303
38.24437,301.0902
38.21805,301.06515
38.19528,301.04022
38.17393,301.02107
38.15325,301.0062
38.13408,300.99312
38.11477,300.98223
38.09505,300.97367
38.0737,300.96398
38.0534,300.95783
38.03113,300.95252
38.00728,300.94688
37.98192,300.93885
37.95478,300.93245
37.92933,300.92753
37.89905,300.9213
37.8687,300.91218
37.8403,300.90078
37.8112,300.88752
37.78432,300.87402
37.75785,300.85767
37.73022,300.84203
37.70585,300.82862
37.68142,300.81403
37.65607,300.79505
37.63447,300.78312
37.6109,300.77363
37.58663,300.7671
37.56423,300.76212
37.54078,300.76093
37.51752,300.76113
37.49268,300.76333
37.46753,300.76585
37.44073,300.76908
37.41222,300.77098
37.38575,300.77282
37.36058,300.77673
37.33232,300.78125
