29.84832,344.52298
29.8448,344.51937
29.84148,344.51448
29.83708,344.5093
29.83195,344.5033
29.82243,344.48435
29.81918,344.47343
29.8165,344.46082
29.81528,344.44917
29.81488,344.4413
29.8149,344.43618
29.81602,344.43278
29.81848,344.43022
29.82043,344.42915
29.82137,344.42928
29.8202,344.4295
29.8178,344.42827
29.81405,344.4263
29.80947,344.42392
29.8049,344.42105
29.80055,344.41812
29.79497,344.4139
29.7896,344.4096
29.78503,344.40553
29.78108,344.40263
29.77758,344.39835
29.77435,344.39417
29.76955,344.38928
29.76607,344.38382
29.76207,344.37622
29.76073,344.36945
29.76088,344.36293
29.76113,344.35642
29.7599,344.35038
29.75893,344.34602
29.75845,344.3433
29.75788,344.34122
29.75837,344.33817
29.75832,344.33517
29.7581,344.33205
29.75717,344.3292
29.7565,344.32727
29.75493,344.32548
29.75277,344.321
29.74962,344.31648
29.74548,344.31235
29.7411,344.30867
29.73707,344.30478
29.73348,344.30068
29.7318,344.2979
29.72983,344.29475
29.72787,344.2906
29.72653,344.2869
29.7268,344.28267
29.72643,344.27847
29.72665,344.2727
29.7279,344.26522
29.7298,344.25937
29.73172,344.25602
29.73322,344.25792
29.73283,344.2599
29.7309,344.25877
29.72865,344.25527
29.72633,344.24907
29.72618,344.24527
29.72622,344.24268
29.72537,344.24028
29.72288,344.23815
29.72058,344.23472
29.71832,344.23047
29.71563,344.22543
29.71327,344.22067
29.7112,344.21852
29.71058,344.21607
29.70978,344.2142
29.71018,344.21137
29.71147,344.20963
29.71068,344.20745
29.71088,344.2033
29.71245,344.19958
29.71737,344.19598
29.7229,344.19577
29.72715,344.19785
29.72873,344.19707
29.7282,344.19545
29.72713,344.19397
29.72505,344.19252
29.72313,344.19
29.72093,344.1865
29.71785,344.18267
29.71398,344.17783
29.70967,344.17152
29.70562,344.1649
29.70033,344.15777
29.69562,344.1488
29.69163,344.14002
29.68848,344.13155
29.68632,344.12278
29.68627,344.1141
29.68747,344.1056
29.68735,344.09835
29.6866,344.0922
29.68703,344.08552
29.68848,344.07798
29.68908,344.06977
29.68807,344.06173
29.68357,344.0527
29.6795,344.04315
29.67617,344.0347
29.67138,344.0269
29.66717,344.01932
29.66358,344.0122
29.66182,344.00632
29.6611,344.00122
29.65992,343.99683
29.65753,343.99245
29.65432,343.98823
29.64955,343.98543
29.64152,343.98262
29.63452,343.9787
29.62772,343.97553
29.61995,343.97092
29.6127,343.965
29.6065,343.96063
29.60227,343.95638
29.59838,343.94957
29.59373,343.94217
29.59067,343.93657
29.58862,343.93148
29.58565,343.92778
29.58102,343.92568
29.57507,343.92483
29.56843,343.92248
29.56113,343.91738
29.55435,343.91023
29.54818,343.90283
29.54252,343.89407
29.53748,343.88593
29.53308,343.87978
29.52818,343.87468
29.52458,343.86975
29.52093,343.86472
29.51665,343.86128
29.51135,343.86073
29.50558,343.86108
29.49928,343.85983
29.49067,343.85917
29.48373,343.85637
29.47638,343.8551
29.46842,343.85428
29.46015,343.85468
29.45075,343.85215
29.44227,343.849
29.4337,343.84668
29.42507,343.84412
29.41475,343.84042
29.40427,343.83698
29.39413,343.83212
29.38622,343.82475
29.38122,343.81635
29.3775,343.80832
29.375,343.80103
29.37272,343.79478
29.37028,343.79182
29.3671,343.78963
29.36413,343.78902
29.35965,343.78765
29.35455,343.78735
29.34877,343.78742
29.34263,343.78783
29.33535,343.78885
29.32738,343.78898
29.31915,343.78597
29.31093,343.7824
29.30517,343.77707
29.29893,343.77312
29.29347,343.76842
29.28852,343.76373
29.2829,343.75897
29.27667,343.75443
29.27172,343.74848
29.26677,343.741
29.26207,343.73372
29.25802,343.72538
29.25518,343.71692
29.25298,343.7093
29.25227,343.70273
29.25327,343.69763
29.25402,343.6949
29.25427,343.69362
29.25393,343.69303
29.25308,343.69378
29.25002,343.69372
29.24578,343.69288
29.24127,343.69155
29.23572,343.6894
29.23022,343.6839
29.22592,343.67783
29.222,343.67147
29.21958,343.66565
29.21852,343.6612
29.21667,343.65833
29.21483,343.6564
29.21063,343.65362
29.20722,343.65017
29.20428,343.64648
29.2016,343.64288
29.19822,343.63752
29.19598,343.6316
29.19355,343.62735
29.19022,343.62453
29.18557,343.62207
29.18102,343.61892
29.17897,343.61473
29.17783,343.61135
29.17607,343.60812
29.17348,343.60575
29.1696,343.60417
29.16505,343.60088
29.16003,343.59557
29.15472,343.5901
29.14962,343.58328
29.14705,343.57587
29.14547,343.56855
29.14247,343.5627
29.14055,343.55708
29.13962,343.55345
29.13877,343.54932
29.13787,343.54433
29.13717,343.53607
29.13628,343.5287
29.13388,343.52187
29.13118,343.51567
29.12845,343.51188
29.12755,343.50973
29.12717,343.50902
29.12645,343.50908
29.12277,343.51003
29.11847,343.51147
29.1138,343.512
29.10873,343.51028
29.1036,343.50678
29.09885,343.50392
29.09363,343.4974
29.08668,343.49032
29.07917,343.48425
29.07552,343.47652
29.0729,343.46747
29.07415,343.45762
29.07558,343.45083
29.07697,343.44578
29.07742,343.44183
29.07755,343.43945
29.07625,343.4378
29.07373,343.43517
29.07065,343.43087
29.06532,343.42645
29.05962,343.42225
29.056,343.41848
29.05463,343.41465
29.0518,343.41097
29.04797,343.40892
29.04388,343.40568
29.04008,343.40287
29.03682,343.40028
29.03245,343.39812
29.02572,343.39407
29.01863,343.38847
29.01162,343.381
29.00555,343.3709
29.00112,343.3609
28.99812,343.35235
28.99667,343.3461
28.99663,343.34197
28.99792,343.33792
28.9982,343.3325
28.99762,343.3285
28.99562,343.32472
28.99258,343.31832
28.98955,343.31253
28.98645,343.30772
28.98252,343.30218
28.98027,343.29643
28.9775,343.2932
28.97465,343.29228
28.97155,343.29132
28.9684,343.28955
28.96485,343.2863
28.96152,343.28402
28.9573,343.27963
28.95272,343.27383
28.94758,343.26613
28.94085,343.25762
28.93425,343.24793
28.92743,343.23667
28.92208,343.2241
28.91645,343.21097
28.91175,343.1977
28.90922,343.18527
28.90985,343.17345
28.91405,343.1623
28.9174,343.15157
28.91985,343.1415
28.92065,343.13213
28.92097,343.12433
28.92113,343.1187
28.92195,343.11563
28.92092,343.11363
28.92043,343.11325
28.9187,343.11443
28.91337,343.11762
28.9071,343.1205
28.89908,343.12063
28.8895,343.1184
28.87678,343.11307
28.86467,343.103
28.85515,343.09038
28.84878,343.07768
28.84387,343.06408
28.84097,343.04928
28.8417,343.03708
28.84345,343.02703
28.84508,343.01783
28.84657,343.00937
28.84602,342.99998
28.84623,342.99075
28.84825,342.9832
28.85048,342.97757
28.85223,342.97302
28.85263,342.96972
28.85153,342.96812
28.84788,342.96847
28.8443,342.96813
28.84163,342.96752
28.83793,342.971
28.83065,342.97402
28.82142,342.97383
28.81397,342.97235
28.80675,342.97083
28.79765,342.96792
28.78775,342.9624
28.77867,342.95525
28.76988,342.94548
28.76318,342.93378
28.76093,342.92253
28.75905,342.91008
28.75895,342.89747
28.76047,342.88523
28.7665,342.875
28.77322,342.8683
28.78057,342.86532
28.78625,342.86387
28.78998,342.86427
28.79307,342.8658
28.79422,342.86743
28.79435,342.868
28.79442,342.86937
28.79385,342.87155
28.79105,342.87458
28.78595,342.879
28.77775,342.88303
28.7677,342.8844
28.7561,342.8823
28.74458,342.87812
28.73313,342.87182
28.7235,342.86328
28.71752,342.85203
28.71547,342.83975
28.71182,342.8294
28.70938,342.81825
28.70793,342.80832
28.70838,342.80177
28.70915,342.79468
28.71168,342.7871
28.716,342.78112
28.72173,342.77468
28.72877,342.76955
28.73552,342.76642
28.73995,342.76445
28.74253,342.76457
28.74505,342.76578
28.74498,342.76767
28.74117,342.7688
28.73672,342.76935
28.73165,342.77045
28.72563,342.77155
28.71962,342.7718
28.71553,342.77233
28.71067,342.77433
28.70543,342.77373
28.70095,342.77207
28.69583,342.77022
28.69032,342.76763
28.68323,342.76228
28.6763,342.75577
28.67118,342.75027
28.66657,342.7436
28.6633,342.73858
28.66102,342.73743
28.65835,342.7393
28.65522,342.74197
28.65223,342.7456
28.64915,342.74913
28.64643,342.75273
28.64427,342.75713
28.64115,342.76197
28.63625,342.76715
28.63107,342.7736
28.6255,342.78138
28.62,342.79075
28.61387,342.80032
28.60613,342.81122
28.59718,342.82235
28.5858,342.83322
28.57113,342.83977
28.55815,342.84258
28.54478,342.84145
28.52953,342.83613
28.5133,342.82827
28.49935,342.81782
28.48895,342.80485
28.48377,342.79188
28.48222,342.77952
28.4845,342.76745
28.48838,342.75642
28.49258,342.74673
28.49553,342.73983
28.49692,342.7347
28.49593,342.72893
28.49655,342.72275
28.49755,342.71875
28.4984,342.71675
28.49945,342.71693
28.50032,342.72075
28.49873,342.72817
28.49525,342.7362
28.48913,342.74287
28.48177,342.74642
28.4737,342.74397
28.46432,342.73727
28.45412,342.72967
28.44377,342.71878
28.43435,342.70527
28.42413,342.69043
28.41673,342.67462
28.4117,342.66053
28.4096,342.64968
28.40803,342.63828
28.40733,342.62328
28.40672,342.60572
28.40737,342.58678
28.41073,342.5675
28.41537,342.54823
28.42192,342.53042
28.42812,342.51465
28.4356,342.50048
28.44507,342.49
28.45458,342.48412
28.46372,342.48265
28.47198,342.48205
28.48008,342.4813
28.48637,342.47962
28.4893,342.4753
28.4906,342.4693
28.49013,342.46305
28.48828,342.45505
28.4849,342.44733
28.4802,342.43915
28.47545,342.4303
28.47328,342.42218
28.47093,342.41362
28.4693,342.40452
28.46728,342.39467
28.46613,342.38592
28.46592,342.3783
28.4643,342.3703
28.4608,342.3651
28.45453,342.35965
28.44862,342.35395
28.4426,342.35032
28.43553,342.34602
28.43022,342.34217
28.42425,342.33887
28.41915,342.33642
28.4132,342.33032
28.40757,342.3241
28.40102,342.3184
28.39202,342.31095
28.38223,342.3002
28.37225,342.2876
28.36185,342.27347
28.35223,342.25795
28.3457,342.24158
28.34207,342.22342
28.34102,342.20757
28.34285,342.19163
28.34592,342.17962
28.34795,342.17143
28.34942,342.16288
28.35035,342.15357
28.35078,342.14592
28.35062,342.13968
28.34925,342.1338
28.34535,342.12592
28.3406,342.11353
28.33762,342.10145
28.33692,342.08962
28.33797,342.07708
28.33823,342.06253
28.3395,342.04667
28.34208,342.0314
28.34877,342.0202
28.35628,342.00885
28.36422,341.9973
28.37077,341.98825
28.37462,341.97952
28.3769,341.9728
28.38075,341.96167
28.38618,341.94732
28.3906,341.93673
28.39548,341.9294
28.40063,341.91922
28.40915,341.90598
28.4171,341.896
28.4222,341.89278
28.42243,341.89242
28.42512,341.8887
28.43027,341.88338
28.43422,341.88218
28.4352,341.88215
28.43148,341.8803
28.42983,341.87463
28.43062,341.87068
28.43095,341.8682
28.42778,341.86695
28.42098,341.86538
28.4154,341.86483
28.40913,341.86253
28.40275,341.8587
28.39828,341.85608
28.39743,341.85173
28.39802,341.84623
28.40035,341.8391
28.40315,341.83407
28.40347,341.83127
28.40165,341.83073
28.40323,341.8316
28.4049,341.83163
28.40592,341.83122
28.40643,341.8308
28.40658,341.83153
