27.24477,300.6933
27.25513,300.68483
27.26497,300.67687
27.2762,300.66928
27.28908,300.66347
27.30365,300.65898
27.31798,300.65707
27.33243,300.65623
27.34538,300.65687
27.35713,300.65867
27.3695,300.66147
27.38162,300.66615
27.39487,300.67138
27.40703,300.67642
27.41957,300.68203
27.43217,300.68768
27.44332,300.69388
27.45383,300.6997
27.4638,300.70545
27.47283,300.7122
27.48025,300.71948
27.48595,300.7276
27.48907,300.73478
27.49165,300.73918
27.49455,300.74155
27.49873,300.74022
27.50245,300.73737
27.5067,300.73275
27.51325,300.72855
27.52208,300.72448
27.53332,300.7226
27.54555,300.7227
27.55705,300.72523
27.56765,300.73038
27.5785,300.73677
27.5889,300.74372
27.59755,300.7509
27.60703,300.75692
27.6161,300.76292
27.62448,300.76875
27.63318,300.77528
27.64,300.78197
27.64653,300.78947
27.6526,300.79617
27.65975,300.80373
27.66598,300.81265
27.67057,300.82188
27.67517,300.82848
27.6796,300.83337
27.68538,300.83772
27.69138,300.83963
27.69762,300.83972
27.7047,300.84013
27.71185,300.83978
27.71893,300.83983
27.72528,300.84033
27.7317,300.84145
27.73935,300.84308
27.74737,300.8463
27.75568,300.85002
27.76477,300.85392
27.7728,300.85855
27.77967,300.86418
27.78672,300.86932
27.79367,300.8734
27.80078,300.87662
27.80728,300.87875
27.81473,300.88165
27.82177,300.88522
27.82477,300.8904
27.82618,300.89563
27.82523,300.90195
27.82303,300.90825
27.82003,300.91222
27.81982,300.9148
27.82038,300.91732
27.82375,300.91813
27.82762,300.91852
27.8316,300.91848
27.83428,300.91838
27.8373,300.91825
27.84105,300.9182
27.84555,300.91888
27.8491,300.92097
27.85095,300.9233
27.8537,300.92667
27.85747,300.93105
27.86272,300.93577
27.8675,300.93943
27.87132,300.94162
27.87555,300.94427
27.87922,300.948
27.87987,300.9528
27.87873,300.95757
27.87548,300.96225
27.87103,300.96558
27.867,300.96617
27.86443,300.9667
27.86323,300.96705
27.86198,300.96848
27.85983,300.96938
27.8564,300.97162
27.85207,300.97307
27.84613,300.97448
27.83892,300.9753
27.83172,300.9762
27.82635,300.97655
27.82045,300.97753
27.81437,300.97725
27.8086,300.97587
27.80413,300.97187
27.80195,300.9671
27.80038,300.96335
27.79938,300.9597
27.79803,300.95513
27.79573,300.951
27.79355,300.94863
27.7924,300.94765
27.79052,300.94707
27.78918,300.94542
27.78822,300.94593
27.78688,300.94753
27.78573,300.95003
27.78357,300.95417
27.7829,300.95822
27.78167,300.96102
27.7789,300.9635
27.77448,300.96725
27.76932,300.97137
27.76265,300.97528
27.75557,300.97775
27.74797,300.97857
27.74007,300.97822
27.73167,300.97602
27.72393,300.97052
27.71903,300.96213
27.71713,300.95145
27.7166,300.94117
27.71865,300.93072
27.72238,300.92027
27.7274,300.9112
27.73285,300.90508
27.73962,300.90023
27.7456,300.89695
27.75077,300.89548
27.75498,300.8975
27.75823,300.89985
27.76275,300.90185
27.7672,300.90572
27.7721,300.91055
27.77625,300.91615
27.77928,300.92292
27.7817,300.92985
27.78397,300.93667
27.78483,300.94412
27.78582,300.95173
27.78505,300.95828
27.78315,300.96332
27.7806,300.96593
27.7783,300.96633
27.779,300.96327
27.78263,300.95883
27.7878,300.95238
27.79453,300.94787
27.80237,300.94602
27.81165,300.94567
27.82107,300.94808
27.83073,300.95328
27.83983,300.96002
27.84643,300.96842
27.85202,300.97752
27.85715,300.98663
27.86203,300.99543
27.86592,301.00328
27.86903,301.01073
27.8714,301.01883
27.8727,301.02678
27.87257,301.035
27.87072,301.04365
27.86722,301.05118
27.86403,301.05765
27.8618,301.06337
27.85902,301.06752
27.8572,301.06897
27.8562,301.06908
27.85718,301.06797
27.85993,301.06713
27.86275,301.0674
27.86557,301.06842
27.86837,301.07058
27.87153,301.07432
27.87322,301.0782
27.87402,301.0809
27.87482,301.08397
27.87598,301.08838
27.87867,301.09305
27.88285,301.09847
27.88678,301.1028
27.89178,301.1073
27.8984,301.11133
27.90472,301.11872
27.90795,301.12802
27.90837,301.13683
27.90622,301.1452
27.90227,301.1525
27.89732,301.15692
27.89345,301.15753
27.89135,301.1582
27.8895,301.15727
27.88983,301.15585
27.89207,301.15523
27.89447,301.15468
27.8983,301.15552
27.90305,301.15703
27.90668,301.1599
27.90787,301.16372
27.90767,301.16792
27.90625,301.17028
27.90358,301.1722
27.90205,301.17315
27.9034,301.17452
27.90628,301.17755
27.90983,301.18142
27.91423,301.1865
27.91875,301.1936
27.92233,301.20335
27.92492,301.21442
27.92532,301.22432
27.92487,301.23403
27.92182,301.24122
27.91737,301.2449
27.91513,301.24677
27.91367,301.24938
27.9124,301.25117
27.90998,301.25103
27.909,301.2497
27.90853,301.2491
27.91002,301.24922
27.91297,301.25153
27.91625,301.2542
27.92023,301.25767
27.92287,301.26098
27.92385,301.26345
27.92462,301.26478
27.92617,301.2674
27.92753,301.27072
27.92937,301.27238
27.93192,301.27525
27.9334,301.27885
27.93463,301.28553
27.93625,301.2933
27.93808,301.29907
27.93945,301.305
27.93883,301.3113
27.93698,301.3158
27.93435,301.32037
27.93087,301.32535
27.92877,301.32833
27.927,301.3299
27.92813,301.33048
27.93078,301.33038
27.93323,301.33123
27.93532,301.33423
27.93783,301.34002
27.94143,301.34643
27.94483,301.35375
27.94693,301.36238
27.94745,301.37042
27.94665,301.37862
27.94558,301.38678
27.94283,301.39247
27.94193,301.39713
27.94088,301.40373
27.9393,301.41097
27.93905,301.41963
27.93912,301.4272
27.9395,301.43533
27.94007,301.44262
27.9401,301.44667
27.94113,301.45125
27.94107,301.45565
27.94245,301.46027
27.94658,301.4667
27.95088,301.47367
27.95592,301.4786
27.96197,301.48225
27.96648,301.48852
27.9715,301.49585
27.97572,301.50535
27.97912,301.51597
27.98272,301.52787
27.98475,301.54108
27.98503,301.55393
27.98303,301.56593
27.98077,301.5768
27.97827,301.58527
27.97545,301.59267
27.97315,301.59858
27.97178,301.60205
27.9705,301.60445
27.9707,301.60497
27.9724,301.60445
27.97522,301.60382
27.97962,301.60482
27.98297,301.60752
27.98515,301.61282
27.98843,301.6186
27.99158,301.62327
27.99693,301.6275
28.00332,301.6317
28.01192,301.6375
28.0196,301.64555
28.02727,301.65572
28.0335,301.66567
28.03887,301.67672
28.04365,301.68922
28.04658,301.70135
28.0475,301.71188
28.04787,301.72215
28.04805,301.72947
28.04803,301.73583
28.04897,301.74033
28.05027,301.74293
28.05315,301.74318
28.05833,301.74357
28.06673,301.74522
28.07468,301.74657
28.08478,301.74728
28.09517,301.74948
28.1071,301.75423
28.11938,301.76197
28.1297,301.7685
28.14013,301.77522
28.15153,301.78255
28.16185,301.79042
28.16983,301.79747
28.17548,301.804
28.18047,301.81052
28.18538,301.8171
28.19102,301.82375
28.19673,301.83012
28.20217,301.83667
28.20705,301.8426
28.21155,301.84787
28.21495,301.85405
28.21778,301.85863
28.22102,301.8616
28.2239,301.86318
28.22658,301.86358
28.22988,301.86427
28.2357,301.86683
28.24288,301.87097
28.24993,301.8768
28.25673,301.88288
28.2618,301.88882
28.2646,301.89498
28.26715,301.90038
28.27115,301.90547
28.276,301.90817
28.28193,301.90873
28.28808,301.91003
28.29353,301.9111
28.29885,301.91328
28.3019,301.91327
28.30707,301.91222
28.31112,301.9114
28.31547,301.91168
28.32033,301.91388
28.32507,301.91615
28.32983,301.91703
28.33415,301.9193
28.33827,301.91992
28.34337,301.92017
28.34948,301.92142
28.3552,301.9231
28.35997,301.92538
28.3637,301.92745
28.36697,301.92802
28.36993,301.92937
28.37295,301.92877
28.37817,301.92927
28.38292,301.93008
28.3871,301.92948
28.39078,301.9277
28.39487,301.92278
28.39913,301.91745
28.40425,301.91157
28.41033,301.90617
28.4156,301.90325
28.42263,301.90025
28.42953,301.89768
28.43658,301.8958
28.44123,301.89335
28.44585,301.89145
28.45065,301.88907
28.45565,301.88598
28.46045,301.88315
28.46543,301.88078
28.47097,301.87713
28.4759,301.87343
28.47968,301.86737
28.48307,301.85957
28.48847,301.84973
28.49692,301.8378
28.50737,301.82563
28.51812,301.8114
28.5303,301.79857
28.54397,301.79083
28.55697,301.78443
28.56997,301.77958
28.58242,301.77587
28.59555,301.77168
28.608,301.76885
28.61838,301.76755
28.62712,301.7652
28.63702,301.76217
28.64758,301.75905
28.65778,301.75593
28.66807,301.75287
28.67703,301.75053
28.68638,301.74752
28.6955,301.74215
28.70498,301.7361
28.71683,301.728
28.73063,301.72058
28.74457,301.71415
28.7592,301.7074
28.77367,301.70232
28.7874,301.69883
28.8007,301.69652
28.81298,301.69317
28.82552,301.68845
28.83733,301.68342
28.84847,301.67845
28.8617,301.67338
28.87345,301.66818
28.88597,301.66302
28.89787,301.65713
28.91035,301.6514
28.92167,301.64715
28.93333,301.64293
28.94422,301.63743
28.95473,301.62992
28.96645,301.62355
28.98035,301.6164
28.99435,301.61138
29.00795,301.60803
29.02102,301.60467
29.03423,301.6006
29.04827,301.59477
29.06328,301.58997
29.07842,301.58687
29.09323,301.5817
29.10783,301.57532
29.12343,301.57058
29.1383,301.56885
29.15233,301.56758
29.166,301.56747
29.17788,301.56643
29.1887,301.56548
29.20005,301.5632
29.21308,301.56047
29.22617,301.5581
29.23557,301.55922
29.24847,301.56592
29.26122,301.5705
29.2721,301.57392
29.283,301.5786
29.2927,301.5845
29.30225,301.5883
29.31228,301.59343
29.3217,301.59967
29.32503,301.60795
29.32312,301.61282
29.32403,301.61698
29.3233,301.61903
29.32428,301.6177
29.32727,301.61537
29.3317,301.61058
29.33895,301.60632
29.34675,301.60215
29.355,301.59768
29.36595,301.59327
29.37868,301.59118
29.39152,301.59402
29.4035,301.60147
29.41652,301.61153
29.42705,301.62075
29.43595,301.63003
29.44473,301.63827
29.45252,301.64672
29.45977,301.65495
29.46707,301.66382
29.47293,301.67207
29.47865,301.67993
29.4859,301.68867
29.49212,301.69878
29.49535,301.70858
29.49673,301.71667
29.49847,301.72227
29.4996,301.72893
29.49875,301.73512
29.49842,301.73932
29.49837,301.74222
29.49767,301.74492
29.49607,301.74582
29.49625,301.74732
29.49515,301.75005
29.49808,301.75097
29.50177,301.75318
29.50325,301.75552
29.50425,301.75642
29.50762,301.75695
29.512,301.75953
29.51785,301.76338
29.52348,301.76965
29.5303,301.77708
29.53552,301.78625
29.53935,301.79527
29.54132,301.80543
29.54187,301.81642
29.54137,301.8283
29.53952,301.8402
29.53598,301.85003
29.5323,301.85883
29.52713,301.8661
29.52243,301.87137
29.51952,301.87418
29.51913,301.87503
29.51933,301.8751
29.51852,301.87527
29.51798,301.87463
29.5206,301.87388
29.52372,301.87307
29.52772,301.87235
29.53197,301.87565
29.53615,301.87863
29.54013,301.88232
29.54308,301.88817
29.54462,301.89407
29.54462,301.89942
29.54377,301.90517
29.54208,301.91007
29.54197,301.9137
29.542,301.91623
29.5415,301.9176
29.53945,301.9179
29.53815,301.91792
29.53768,301.91835
29.53915,301.91968
29.54057,301.92335
29.5404,301.92787
