24.3495,294.82283
24.34597,294.81337
24.34282,294.80432
24.33915,294.79463
24.33652,294.78558
24.33562,294.77868
24.33623,294.77162
24.3373,294.7651
24.3372,294.75993
24.33588,294.75533
24.33268,294.7495
24.32913,294.74347
24.32753,294.7363
24.32638,294.72877
24.32638,294.72117
24.32682,294.71412
24.3287,294.70733
24.33305,294.69977
24.33842,294.6943
24.34353,294.69142
24.34833,294.68772
24.35275,294.68395
24.35433,294.6798
24.35333,294.67485
24.35073,294.6692
24.34667,294.66352
24.34352,294.65695
24.34142,294.651
24.33862,294.64475
24.33575,294.6392
24.33308,294.63368
24.33037,294.62858
24.3275,294.62315
24.32517,294.61703
24.3233,294.61003
24.32172,294.6018
24.32065,294.59243
24.32135,294.58148
24.32243,294.57112
24.3238,294.5625
24.32515,294.55572
24.32607,294.55047
24.32688,294.54632
24.32728,294.54285
24.32588,294.53985
24.3235,294.5355
24.31985,294.5307
24.31425,294.5249
24.30823,294.51818
24.30152,294.5114
24.29577,294.50413
24.28952,294.49708
24.28213,294.49035
24.27307,294.48378
24.26535,294.47583
24.2585,294.46567
24.25115,294.45483
24.24337,294.44418
24.2363,294.43413
24.2288,294.42385
24.22217,294.41303
24.21468,294.40262
24.20727,294.39177
24.20105,294.38062
24.19592,294.3693
24.19245,294.35763
24.18898,294.34618
24.18685,294.33445
24.18705,294.32408
24.1868,294.31493
24.18487,294.3069
24.18028,294.30005
24.17438,294.29425
24.1663,294.28817
24.15762,294.27995
24.14812,294.27
24.13848,294.25832
24.1309,294.24625
24.12383,294.23372
24.11672,294.22043
24.1098,294.20758
24.10222,294.19412
24.09428,294.17908
24.08635,294.16337
24.0785,294.14752
24.06993,294.13078
24.06382,294.11282
24.06033,294.09433
24.06035,294.07642
24.0617,294.05858
24.06202,294.04123
24.06293,294.02302
24.06292,294.00637
24.06273,293.99037
24.06258,293.97322
24.06085,293.95672
24.06005,293.94012
24.0604,293.9235
24.06017,293.90708
24.0596,293.89095
24.05883,293.87327
24.05892,293.85483
24.06012,293.83633
24.06195,293.81772
24.0629,293.80012
24.06403,293.78253
24.06483,293.76462
24.06662,293.74622
24.06837,293.72638
24.07038,293.70672
24.07345,293.68662
24.07842,293.6658
24.08422,293.64537
24.09067,293.62408
24.09648,293.60202
24.10292,293.57855
24.109,293.55515
24.1161,293.53173
24.12218,293.51013
24.12808,293.48938
24.13522,293.4681
24.14352,293.44668
24.15118,293.42532
24.15868,293.4023
24.16777,293.37915
24.17737,293.35685
24.18725,293.33572
24.19702,293.31642
24.20645,293.29707
24.21463,293.2782
24.22345,293.2597
24.23297,293.24175
24.24157,293.22457
24.2486,293.20748
24.25528,293.1896
24.26327,293.17173
24.27137,293.15367
24.27933,293.13702
24.28702,293.1207
24.29327,293.10362
24.30073,293.08592
24.3104,293.06972
24.32068,293.05438
24.33067,293.03972
24.33993,293.02518
24.34837,293.0116
24.35712,292.99863
24.36613,292.98648
24.3751,292.97395
24.38318,292.96247
24.39025,292.9511
24.39767,292.93995
24.40603,292.92823
24.4151,292.91518
24.42423,292.9022
24.43275,292.8908
24.44098,292.88018
24.45037,292.8693
24.46092,292.85908
24.4712,292.84973
24.48248,292.84067
24.49305,292.83228
24.50295,292.82433
24.51162,292.8171
24.51942,292.80978
24.52723,292.8028
24.53492,292.79602
24.54128,292.79023
24.54717,292.7863
24.55352,292.78233
24.55947,292.77807
24.56378,292.7742
24.56865,292.76918
24.57342,292.76548
24.57697,292.7621
24.58028,292.75805
24.58377,292.75223
24.58812,292.74525
24.59247,292.7385
24.5971,292.73247
24.60103,292.72723
24.60448,292.72188
24.60853,292.71605
24.61275,292.71077
24.62025,292.70387
24.62895,292.69712
24.63645,292.69027
24.64168,292.68283
24.6472,292.67488
24.6531,292.66677
24.65832,292.65903
24.66287,292.65338
24.66597,292.64843
24.66972,292.6441
24.67372,292.64123
24.67692,292.63857
24.68015,292.63558
24.68315,292.63333
24.68578,292.63115
24.6872,292.62833
24.68838,292.62527
24.69098,292.62215
24.69393,292.61907
24.69607,292.61547
24.69718,292.61205
24.69872,292.60962
24.69905,292.60705
24.69953,292.60417
24.70063,292.60078
24.7022,292.59668
24.70445,292.59133
24.70733,292.585
24.7115,292.5776
24.71738,292.57035
24.72438,292.56393
24.73095,292.55887
24.73715,292.55445
24.74305,292.55007
24.74842,292.54637
24.75338,292.5439
24.75793,292.54175
24.76102,292.54007
24.7651,292.53915
24.76838,292.53842
24.7722,292.5383
24.77458,292.53848
24.77605,292.53858
24.77785,292.5392
24.77955,292.54018
24.7811,292.54168
24.78197,292.54158
24.783,292.54118
24.78303,292.54055
24.78407,292.54033
24.78597,292.5388
24.78913,292.53777
24.7922,292.53608
24.79645,292.53282
24.80148,292.53107
24.80637,292.53205
24.80975,292.53372
24.812,292.53695
24.81458,292.53957
24.81733,292.54207
24.81937,292.5439
24.82052,292.54738
24.82175,292.55033
24.82215,292.55053
24.82218,292.55197
24.82442,292.55288
24.82788,292.55455
24.83102,292.55687
24.83465,292.55953
24.8369,292.56238
24.83893,292.56587
24.83875,292.56913
24.8375,292.57105
24.83572,292.57123
24.83352,292.5701
24.83225,292.56683
24.83198,292.56307
24.8342,292.56063
24.83845,292.55903
24.84342,292.55938
24.84773,292.56097
24.852,292.56345
24.85523,292.56648
24.85815,292.56945
24.86065,292.57327
24.86113,292.57747
24.86217,292.58137
24.86218,292.58698
24.86157,292.59038
24.86212,292.59312
24.86393,292.59493
24.86737,292.5965
24.87262,292.59812
24.87768,292.601
24.88268,292.60438
24.88687,292.60777
24.89028,292.61038
24.89543,292.61367
24.89875,292.61715
24.90167,292.61992
24.90455,292.62162
24.90803,292.62277
24.91193,292.62397
24.9157,292.62563
24.91813,292.6278
24.9196,292.62992
24.92092,292.63253
24.92112,292.63575
24.92182,292.63962
24.92192,292.64288
24.92272,292.64515
24.92527,292.64887
24.92725,292.65282
24.92993,292.65725
24.93252,292.66195
24.93482,292.6676
24.93605,292.67218
24.93682,292.6765
24.93735,292.68017
24.93828,292.6844
24.94102,292.68747
24.94472,292.69008
24.94885,292.69223
24.9546,292.69345
24.962,292.69457
24.9705,292.69722
24.97788,292.70143
24.98335,292.70635
24.98778,292.713
24.99123,292.7189
24.99435,292.72422
24.99748,292.72883
24.99955,292.73362
25.00162,292.73833
25.00367,292.7417
25.0069,292.74488
25.01125,292.74842
25.0155,292.75253
25.02005,292.75667
25.02635,292.76178
25.03213,292.76905
25.03652,292.77713
25.03998,292.78525
25.04192,292.7935
25.04422,292.80322
25.0471,292.81392
25.04867,292.82568
25.0485,292.83623
25.04833,292.84513
25.04715,292.85198
25.04678,292.85838
25.04532,292.86322
25.04287,292.86687
25.04065,292.86828
25.03945,292.86935
25.03852,292.86937
25.0376,292.8688
25.03785,292.8678
25.03988,292.86667
25.04305,292.86603
25.04763,292.86585
25.05227,292.86715
25.05657,292.86875
25.06225,292.86977
25.06775,292.87143
25.07268,292.87378
25.07885,292.87652
25.08472,292.87912
25.09123,292.88238
25.0995,292.88627
25.10783,292.89088
25.11542,292.89657
25.12263,292.90312
25.12882,292.91048
25.13305,292.91798
25.13588,292.92383
25.13733,292.9284
25.13733,292.933
25.1353,292.93723
25.13298,292.9414
25.13103,292.94508
25.12938,292.94818
25.12933,292.95193
25.12995,292.95575
25.13027,292.9587
25.13057,292.96058
25.13102,292.96263
25.13232,292.96372
25.13452,292.96522
25.1364,292.96773
25.13965,292.96908
25.14373,292.97015
25.14827,292.9726
25.154,292.97657
25.15907,292.98195
25.16327,292.98688
25.16623,292.99275
25.16828,292.99893
25.17018,293.00458
25.16943,293.00967
25.16758,293.0142
25.16477,293.01752
25.16043,293.01993
25.15565,293.02045
25.15047,293.01982
25.1461,293.01822
25.14277,293.01587
25.14087,293.0125
25.14043,293.00808
25.14033,293.00358
25.1397,292.99925
25.14055,292.99408
25.14337,292.98955
25.14697,292.98545
25.15193,292.98015
25.15907,292.9764
25.16762,292.97408
25.17683,292.97428
25.18695,292.97502
25.19612,292.97837
25.20322,292.98462
25.20778,292.99113
25.20935,292.9976
25.20935,293.0042
25.20853,293.01
25.20578,293.01392
25.20323,293.01627
25.19947,293.01845
25.19423,293.01993
25.1885,293.01942
25.18275,293.01765
25.17758,293.01485
25.17265,293.00957
25.1684,293.00328
25.1655,292.99595
25.1633,292.98723
25.1624,292.97932
25.16237,292.97118
25.16312,292.96213
25.16652,292.95275
25.17258,292.9438
25.18083,292.9356
25.18835,292.92898
25.19627,292.92438
25.20497,292.92048
25.2131,292.91845
25.21963,292.91847
25.22295,292.9187
25.22467,292.9183
25.22483,292.91795
25.22368,292.9166
25.22163,292.91498
25.21932,292.91253
25.21605,292.90905
25.21268,292.90488
25.20968,292.90165
25.20607,292.89797
25.20343,292.89267
25.20155,292.88632
25.20043,292.87985
25.19873,292.8727
25.19745,292.86512
25.19772,292.85712
25.19842,292.84925
25.20133,292.84078
25.20543,292.83283
25.21073,292.82527
25.21575,292.8199
25.22063,292.81658
25.22472,292.81412
25.22733,292.81377
25.22845,292.81505
25.22837,292.81603
25.22717,292.81703
25.22758,292.81893
25.22817,292.82135
25.22782,292.82518
25.22575,292.82873
25.22272,292.83177
25.21777,292.8341
25.21278,292.83468
25.20807,292.83512
25.20425,292.83425
25.20095,292.8315
25.19877,292.82865
25.19772,292.82433
25.1981,292.8198
25.20097,292.81645
25.20373,292.8152
25.20697,292.81493
25.21177,292.81568
25.21725,292.81683
25.22138,292.81875
25.2238,292.82135
25.22465,292.82372
25.22493,292.82467
25.22427,292.82575
25.22218,292.82777
25.22072,292.82832
25.22105,292.82723
25.22128,292.82612
25.2208,292.82487
25.22032,292.82433
25.21807,292.82375
25.21553,292.82262
25.21335,292.82017
25.21113,292.81812
25.2085,292.8156
25.2062,292.81108
25.20538,292.80617
25.20435,292.8007
25.2048,292.79448
25.20685,292.78922
25.21057,292.78482
25.21447,292.77995
25.21923,292.77585
25.22467,292.77283
25.22888,292.77077
25.23212,292.76987
25.23532,292.76962
25.23752,292.7706
25.23865,292.77197
25.23953,292.77312
25.23837,292.77383
25.23565,292.77222
25.23363,292.76958
25.23237,292.76682
25.2323,292.76272
25.23287,292.75815
25.23295,292.75248
25.23102,292.74697
25.22882,292.74058
25.22778,292.73398
25.22718,292.72668
25.22685,292.71917
25.22873,292.71028
25.2324,292.7014
25.2373,292.6929
25.24378,292.68448
25.24922,292.67773
25.254,292.67178
25.2596,292.66657
25.26385,292.66198
25.2662,292.65882
25.26787,292.65612
25.2673,292.6537
25.26567,292.65073
25.26332,292.64733
25.26015,292.6438
25.25717,292.63937
25.25483,292.63383
25.25338,292.62727
25.25098,292.61903
25.24865,292.60908
25.24753,292.5988
25.24675,292.58883
25.24602,292.57922
25.2469,292.56942
25.24948,292.55933
25.25293,292.54945
25.25725,292.53933
25.26298,292.52833
25.27098,292.51833
25.2798,292.51082
25.28825,292.50465
25.29613,292.50018
25.3029,292.49772
25.30723,292.49615
