36.55655,295.95953
36.55628,295.9572
36.5579,295.95325
36.5597,295.95022
36.56293,295.94875
36.56858,295.94802
36.57462,295.95042
36.58152,295.95577
36.58595,295.9645
36.58895,295.97525
36.58917,295.9855
36.58942,295.99402
36.58972,296.0012
36.5902,296.00763
36.592,296.01172
36.59078,296.01675
36.59047,296.0188
36.59363,296.0229
36.59618,296.0271
36.60103,296.03137
36.60593,296.03508
36.61052,296.04012
36.61547,296.04455
36.6203,296.04915
36.6239,296.0545
36.62593,296.05957
36.62972,296.06427
36.6338,296.0688
36.63822,296.07532
36.64125,296.08223
36.6445,296.08912
36.64738,296.09473
36.65132,296.10127
36.6581,296.10768
36.66358,296.11517
36.66608,296.12232
36.6697,296.12785
36.67413,296.13118
36.68038,296.13377
36.68778,296.13837
36.69652,296.1448
36.70237,296.1558
36.70747,296.16807
36.71387,296.17775
36.71905,296.18568
36.72692,296.19195
36.73337,296.20317
36.73867,296.21657
36.74288,296.23087
36.74468,296.24292
36.74762,296.2514
36.75273,296.25882
36.75992,296.26135
36.76915,296.26455
36.77782,296.27225
36.7852,296.28122
36.79408,296.2897
36.80333,296.30032
36.81085,296.31887
36.81708,296.33507
36.82248,296.3474
36.82763,296.3576
36.83332,296.36582
36.8409,296.37238
36.8519,296.37517
36.86402,296.37757
36.87783,296.3788
36.89412,296.38217
36.91178,296.38957
36.92985,296.39517
36.94812,296.40175
36.96622,296.40763
36.98575,296.41335
37.00353,296.41927
37.01777,296.42425
37.0316,296.4289
37.04233,296.43587
37.0501,296.44168
37.05908,296.44415
37.06872,296.44632
37.07605,296.45108
37.08037,296.45698
37.0815,296.45825
37.08185,296.45582
37.08377,296.45123
37.08693,296.44552
37.09197,296.43728
37.10028,296.42892
37.10987,296.42237
37.11825,296.41903
37.12465,296.41867
37.13197,296.41825
37.13972,296.4195
37.14588,296.42262
37.14955,296.4282
37.15133,296.43465
37.15227,296.44037
37.151,296.44802
37.14783,296.45427
37.14433,296.46093
37.14018,296.46685
37.1361,296.47222
37.13075,296.47438
37.12512,296.47603
37.11925,296.47613
37.11262,296.47475
37.10662,296.47295
37.10443,296.46872
37.10677,296.46553
37.11102,296.46682
37.11742,296.47143
37.12317,296.48088
37.12813,296.49575
37.13217,296.51342
37.1341,296.53375
37.13307,296.55455
37.12922,296.57477
37.12137,296.59635
37.10875,296.61702
37.09358,296.63432
37.07762,296.64645
37.06475,296.65195
37.05732,296.6561
37.05438,296.65865
37.05315,296.66208
37.05497,296.66583
37.05873,296.6711
37.06303,296.68073
37.06737,296.69425
37.06937,296.71345
37.06648,296.73353
37.06023,296.75242
37.05215,296.76962
37.04258,296.78733
37.03157,296.80562
37.0195,296.82255
37.00603,296.83917
36.99127,296.85235
36.97625,296.86692
36.95867,296.8781
36.93887,296.88845
36.91827,296.89785
36.89837,296.90673
36.87817,296.91223
36.85877,296.91915
36.83903,296.92517
36.8181,296.93125
36.79618,296.93767
36.7732,296.94413
36.75043,296.94912
36.72568,296.95637
36.69972,296.96747
36.67288,296.98133
36.64407,296.99815
36.61245,297.017
36.57818,297.03637
36.54215,297.05762
36.50422,297.0809
36.46475,297.1073
36.42478,297.13785
36.38425,297.17163
36.34497,297.2061
36.30817,297.23983
36.27327,297.27593
36.2403,297.31593
36.20972,297.35875
36.18077,297.40445
36.15375,297.45423
36.12638,297.50813
36.10002,297.56402
36.07472,297.62098
36.04975,297.67722
36.02742,297.73388
36.00845,297.79102
35.99125,297.84923
35.97488,297.90875
35.95442,297.97192
35.93552,298.03403
35.91637,298.0925
35.89842,298.14782
35.88585,298.19735
35.87622,298.24908
35.86877,298.29828
35.86105,298.3463
35.85298,298.39222
35.8485,298.43363
35.84577,298.47797
35.84262,298.52057
35.83973,298.558
35.83735,298.59472
35.83455,298.62905
35.833,298.65993
35.83505,298.68705
35.83943,298.71403
35.84485,298.73935
35.8525,298.7606
35.86292,298.78075
35.87683,298.80182
35.89185,298.82133
35.90945,298.84263
35.92702,298.85948
35.94615,298.8744
35.96683,298.89048
35.98892,298.90847
36.00975,298.92347
36.03192,298.9358
36.0559,298.94988
36.08035,298.96502
36.09993,298.97783
36.11765,298.98633
36.13025,298.98983
36.14552,298.98968
36.16343,298.98632
36.18517,298.98018
36.21028,298.97275
36.23803,298.9644
36.26467,298.95242
36.29362,298.93843
36.32257,298.92278
36.35287,298.90772
36.38325,298.89333
36.414,298.88102
36.4437,298.86728
36.4711,298.8503
36.497,298.8298
36.52248,298.8063
36.54707,298.78018
36.57132,298.75232
36.59368,298.72217
36.61682,298.69293
36.64132,298.66225
36.66463,298.62958
36.68775,298.59363
36.71277,298.5565
36.74157,298.52045
36.76773,298.48508
36.79332,298.45103
36.81797,298.41533
36.83938,298.38012
36.8584,298.34207
36.87723,298.30033
36.89497,298.25683
36.91282,298.21185
36.93253,298.16667
36.94952,298.12327
36.96655,298.07997
36.98217,298.03758
36.99398,297.99297
37.00558,297.94852
37.01268,297.90422
37.02025,297.85753
37.02667,297.80893
37.03118,297.76113
37.03763,297.711
37.0425,297.6646
37.04453,297.62195
37.04228,297.58062
37.0409,297.53585
37.03673,297.49802
37.03062,297.46098
37.02212,297.4246
37.01062,297.38648
36.99802,297.34863
36.98505,297.31033
36.97042,297.27855
36.9547,297.24897
36.93613,297.22213
36.91273,297.1983
36.88827,297.17463
36.86288,297.15335
36.83605,297.1326
36.80935,297.11338
36.78045,297.09907
36.75003,297.08777
36.71715,297.08103
36.68437,297.07387
36.65287,297.07005
36.62055,297.07082
36.58458,297.07027
36.5536,297.07245
36.51877,297.08188
36.48472,297.09438
36.4531,297.10987
36.42343,297.12677
36.39358,297.1474
36.36648,297.17123
36.343,297.19683
36.32152,297.22427
36.29812,297.25412
36.27722,297.28215
36.26097,297.30798
36.2476,297.33553
36.2349,297.3641
36.2234,297.3934
36.21428,297.42028
36.20648,297.44708
36.20117,297.46852
36.20047,297.48898
36.2033,297.50645
36.20703,297.52142
36.21385,297.53628
36.22183,297.55575
36.23258,297.57708
36.24422,297.6006
36.25678,297.62742
36.2666,297.65285
36.27537,297.67598
36.28512,297.69658
36.29317,297.7154
36.3008,297.7327
36.30957,297.74902
36.31873,297.76747
36.32617,297.78312
36.34003,297.7982
36.35543,297.81425
36.37368,297.82978
36.39193,297.84417
36.41268,297.85812
36.43643,297.871
36.45828,297.88245
36.48308,297.89398
36.50858,297.90978
36.53333,297.92913
36.55607,297.94918
36.57498,297.9726
36.5879,297.99663
36.5957,298.01802
36.6022,298.033
36.60718,298.04438
36.61307,298.04987
36.61812,298.0528
36.62537,298.05313
36.63435,298.05018
36.64263,298.04387
36.6514,298.03793
36.66177,298.03327
36.66235,298.02373
36.66283,298.00912
36.66603,297.99007
36.67557,297.97015
36.68797,297.95362
36.69808,297.93832
36.70735,297.92563
36.71635,297.91385
36.72667,297.9001
36.73542,297.88687
36.7408,297.87055
36.74378,297.85435
36.74462,297.8364
36.74518,297.81528
36.74607,297.79143
36.74718,297.76513
36.74713,297.7382
36.7452,297.71145
36.74407,297.68028
36.74012,297.64848
36.73468,297.62043
36.72763,297.59152
36.72328,297.5649
36.71873,297.53803
36.71078,297.51137
36.70452,297.4819
36.6968,297.45797
36.6883,297.43272
36.67667,297.40873
36.6637,297.38697
36.6491,297.36413
36.63227,297.3442
36.61282,297.3245
36.59242,297.30243
36.57213,297.27773
36.55243,297.251
36.53138,297.22418
36.51162,297.19505
36.49392,297.16668
36.47472,297.14028
36.45323,297.11425
36.43242,297.09132
36.4102,297.07012
36.38728,297.05172
36.36118,297.04063
36.33365,297.02715
36.30565,297.01287
36.2783,297.00685
36.2513,297.00597
36.22307,297.00902
36.19488,297.01112
36.16662,297.01545
36.13928,297.02242
36.11183,297.0313
36.08763,297.04058
36.0667,297.05363
36.04658,297.07187
36.02713,297.08988
36.01038,297.11133
35.99542,297.13193
35.98418,297.15808
35.97582,297.18545
35.9686,297.2149
35.96127,297.24173
35.95907,297.2669
35.96332,297.29
35.96783,297.31627
35.97308,297.34485
35.9807,297.37438
35.98975,297.40775
35.99908,297.44072
36.00857,297.47003
36.02017,297.49657
36.03467,297.51422
36.0561,297.53332
36.07865,297.55577
36.1048,297.5767
36.13553,297.59802
36.16745,297.61733
36.19605,297.633
36.228,297.64468
36.25963,297.65272
36.29595,297.65925
36.3328,297.6657
36.36743,297.67225
36.40193,297.67515
36.43572,297.67825
36.46893,297.67948
36.50168,297.68168
36.53462,297.68143
36.56645,297.68023
36.59557,297.68092
36.62043,297.68082
36.64415,297.67723
36.66432,297.6746
36.68445,297.6649
36.70688,297.64787
36.72777,297.6284
36.74798,297.61282
36.7638,297.5964
36.7847,297.57568
36.80602,297.55393
36.8254,297.53555
36.8409,297.52292
36.85163,297.50945
36.86122,297.49357
36.87022,297.47802
36.87835,297.46108
36.88583,297.4465
36.89125,297.42787
36.89537,297.41045
36.89708,297.39338
36.89913,297.37212
36.90172,297.35157
36.90302,297.33522
36.9027,297.31632
36.9008,297.29655
36.90092,297.27415
36.89925,297.26058
36.8927,297.25247
36.8796,297.24587
36.86435,297.23192
36.83903,297.21275
36.81565,297.18563
36.7937,297.15835
36.77182,297.13505
36.75025,297.11297
36.73073,297.08795
36.7108,297.06875
36.69083,297.05155
36.67003,297.034
36.64868,297.01415
36.62793,296.99725
36.60687,296.98365
36.58513,296.97152
36.56202,296.96087
36.53918,296.95047
36.51545,296.94762
36.48372,296.95402
36.44707,296.9509
36.41088,296.94828
36.3727,296.94567
36.3335,296.9449
36.29475,296.94028
36.25827,296.93083
36.2266,296.9196
36.19995,296.90948
36.18045,296.90233
36.16048,296.90385
36.14128,296.91052
36.12513,296.92397
36.1033,296.94592
36.0831,296.96935
36.05972,296.99462
36.03593,297.02267
36.0088,297.04893
35.9808,297.07212
35.95518,297.09303
35.93268,297.11225
35.91608,297.13102
35.90227,297.14987
35.8918,297.17082
35.88563,297.19422
35.88182,297.21478
35.88157,297.2376
35.88572,297.26632
35.89283,297.29928
35.90005,297.3341
35.90718,297.37318
35.91408,297.41357
35.92112,297.45258
35.92622,297.49087
35.93357,297.52393
35.94268,297.5503
35.95672,297.57387
35.97545,297.59915
35.99665,297.62043
36.0205,297.63772
36.04868,297.65323
36.08103,297.66748
36.11693,297.67945
36.15637,297.6948
36.1948,297.71265
36.2342,297.7308
36.2698,297.74677
36.30553,297.76258
36.33858,297.77873
36.37008,297.78782
36.40363,297.79183
36.43697,297.79305
36.47192,297.7893
36.50388,297.78265
36.5379,297.77353
36.57217,297.76225
36.60668,297.74503
36.64335,297.72373
36.68195,297.6988
36.71743,297.67715
36.7524,297.65627
36.78832,297.63248
36.82803,297.60718
36.86192,297.58113
36.89137,297.55915
36.91973,297.53482
36.94548,297.5062
36.97027,297.47277
36.99825,297.44398
37.02215,297.41197
37.04572,297.37727
37.06722,297.34177
37.09005,297.30762
37.11025,297.27787
37.12885,297.24968
37.14183,297.22285
37.15347,297.18882
37.16308,297.15725
