37.85067,295.14303
37.84577,295.1938
37.8415,295.2408
37.83838,295.28562
37.83743,295.32923
37.83858,295.37163
37.83888,295.4141
37.83952,295.45747
37.84182,295.49987
37.84357,295.54192
37.84467,295.58548
37.84383,295.62632
37.843,295.6657
37.84285,295.70787
37.83955,295.75062
37.83603,295.79107
37.83318,295.8305
37.82802,295.86945
37.8216,295.90642
37.81627,295.94157
37.81363,295.97258
37.80973,295.99958
37.8078,296.02545
37.80855,296.05227
37.80943,296.07922
37.81077,296.1076
37.81283,296.13317
37.81252,296.16258
37.80948,296.1932
37.80548,296.21958
37.80265,296.2431
37.79925,296.26787
37.79523,296.29137
37.79378,296.30875
37.7941,296.32107
37.79615,296.33392
37.80763,296.34148
37.82093,296.35545
37.83405,296.37573
37.84793,296.40262
37.86332,296.43078
37.87683,296.46345
37.88788,296.49942
37.89918,296.53118
37.91055,296.5653
37.92017,296.59987
37.92995,296.63342
37.94102,296.66755
37.95217,296.70135
37.96162,296.7358
37.97155,296.76828
37.98123,296.79957
37.9901,296.82825
37.99817,296.85507
38.00505,296.88113
38.00998,296.90513
38.01367,296.92898
38.01862,296.95203
38.02042,296.97253
38.0217,296.9902
38.0189,297.00548
38.01513,297.01682
38.01133,297.02548
38.00632,297.02967
38.00252,297.03152
38.00035,297.03278
37.99912,297.03393
37.9994,297.0348
37.99998,297.03813
37.99848,297.04185
37.99692,297.04843
37.99525,297.05385
37.9941,297.0577
37.9933,297.06218
37.99415,297.06492
37.99558,297.06632
37.99668,297.06677
37.99713,297.06575
37.99742,297.06317
37.99818,297.05732
37.99958,297.05072
38.00133,297.0458
38.00238,297.04277
38.00427,297.03837
38.00698,297.03342
38.0106,297.02885
38.0147,297.02428
38.01987,297.01955
38.02588,297.01478
38.03225,297.01108
38.03852,297.00998
38.04525,297.01007
38.05283,297.01138
38.06225,297.01272
38.07192,297.0184
38.08397,297.02317
38.09805,297.03018
38.11338,297.03798
38.13,297.04992
38.14647,297.06355
38.16347,297.0772
38.17905,297.09262
38.19413,297.11195
38.20892,297.13053
38.22415,297.14885
38.23907,297.166
38.2522,297.18188
38.26665,297.19517
38.2835,297.20667
38.30318,297.21753
38.32585,297.2266
38.35092,297.23842
38.3789,297.25195
38.40822,297.26712
38.43738,297.28902
38.46538,297.31672
38.49167,297.34963
38.51512,297.3852
38.53323,297.42
38.54608,297.44968
38.55493,297.47283
38.56353,297.4921
38.57307,297.51192
38.58303,297.53417
38.59125,297.55663
38.5976,297.57565
38.60405,297.59533
38.61053,297.61125
38.61732,297.62678
38.62483,297.64515
38.62972,297.66642
38.63455,297.69113
38.64267,297.72152
38.65467,297.75517
38.67417,297.78975
38.6976,297.81958
38.72617,297.85112
38.7508,297.88513
38.77087,297.91645
38.79012,297.94735
38.80553,297.97818
38.81788,298.00615
38.82903,298.03353
38.83773,298.0588
38.84538,298.08232
38.85243,298.10278
38.86005,298.12317
38.86982,298.14218
38.88123,298.15905
38.89587,298.17475
38.91393,298.18967
38.93375,298.20685
38.95455,298.2266
38.9741,298.25212
38.98975,298.28473
39.00238,298.32187
39.01142,298.3623
39.01697,298.41112
39.01817,298.4617
39.01613,298.5119
39.0115,298.55655
39.0066,298.59422
38.99873,298.62528
38.99065,298.65315
38.98373,298.67492
38.97765,298.69378
38.97282,298.7121
38.96992,298.72545
38.96872,298.73593
38.96832,298.74787
38.9665,298.76207
38.96328,298.77582
38.9619,298.78887
38.96325,298.8056
38.9633,298.82495
38.96103,298.84943
38.95823,298.87613
38.95413,298.90195
38.94762,298.92932
38.93982,298.95978
38.92908,298.99187
38.91397,299.02033
38.89815,299.04818
38.8813,299.07185
38.86643,299.09333
38.85307,299.11358
38.84027,299.13177
38.82998,299.15003
38.82285,299.16828
38.81563,299.1919
38.80838,299.2179
38.80137,299.24555
38.79458,299.27477
38.786,299.30258
38.77818,299.32843
38.76928,299.35453
38.75835,299.38307
38.74698,299.41067
38.73562,299.43652
38.72252,299.4638
38.70877,299.4906
38.6972,299.5156
38.68548,299.54152
38.6751,299.56518
38.66498,299.58945
38.65412,299.61597
38.64305,299.64255
38.63017,299.66935
38.61815,299.69628
38.60625,299.72343
38.59498,299.74988
38.58478,299.77683
38.5733,299.80315
38.56142,299.82727
38.55153,299.84945
38.54312,299.8705
38.53482,299.89158
38.52797,299.91262
38.52158,299.93453
38.51313,299.95823
38.50462,299.98197
38.49613,300.0062
38.48692,300.02905
38.47722,300.05063
38.46897,300.06837
38.46117,300.0851
38.45515,300.09953
38.44982,300.11392
38.44485,300.12855
38.44172,300.1441
38.4403,300.16163
38.43832,300.18055
38.43658,300.20128
38.43488,300.22477
38.432,300.25047
38.4288,300.27555
38.42717,300.30027
38.42663,300.3243
38.42392,300.34988
38.42,300.37653
38.41603,300.40307
38.40962,300.43038
38.4025,300.45807
38.39325,300.48417
38.38438,300.50748
38.3776,300.5281
38.37078,300.54525
38.36523,300.56247
38.36067,300.57878
38.35737,300.59475
38.35395,300.61215
38.3493,300.63223
38.346,300.65255
38.344,300.6735
38.34275,300.69638
38.34227,300.72128
38.34177,300.74528
38.34088,300.76885
38.34157,300.79207
38.34193,300.81475
38.34118,300.83608
38.33972,300.85765
38.33797,300.87968
38.335,300.90365
38.33113,300.92728
38.32718,300.9488
38.32233,300.96878
38.31783,300.98932
38.31392,301.00885
38.31032,301.02708
38.30737,301.04585
38.30448,301.06337
38.3019,301.081
38.29973,301.0992
38.29872,301.1183
38.29763,301.13775
38.29543,301.1568
38.28998,301.1747
38.28465,301.19158
38.27808,301.2092
38.26575,301.22527
38.25267,301.2363
38.24258,301.24568
38.23405,301.25092
38.22418,301.2534
38.2118,301.25463
38.19828,301.25275
38.18493,301.24777
38.17045,301.24243
38.15552,301.23333
38.14012,301.22237
38.12543,301.20845
38.11195,301.19517
38.09898,301.18367
38.08658,301.17417
38.07358,301.1657
38.0607,301.15882
38.0472,301.15325
38.03235,301.1488
38.01577,301.14437
37.9994,301.13973
37.98193,301.13383
37.96455,301.12625
37.94827,301.11488
37.93398,301.10058
37.92125,301.08382
37.91107,301.06635
37.89977,301.04815
37.88748,301.03097
37.8759,301.01327
37.86698,300.994
37.86023,300.97258
37.85728,300.95145
37.85273,300.93275
37.8468,300.91412
37.84008,300.89432
37.83268,300.87423
37.82502,300.85308
37.82005,300.82948
37.81875,300.81112
37.81933,300.79922
37.8191,300.78853
37.81968,300.77757
37.82037,300.76912
37.81985,300.76467
37.82335,300.76167
37.82977,300.76393
37.83505,300.76757
37.83783,300.77942
37.84042,300.79458
37.84278,300.81197
37.8418,300.82975
37.8369,300.84788
37.82945,300.86292
37.8181,300.87673
37.80045,300.88858
37.77947,300.89495
37.74952,300.89555
37.70925,300.88245
37.67202,300.86027
37.64263,300.83263
37.62125,300.80022
37.60805,300.76478
37.60173,300.728
37.59948,300.69382
37.60165,300.66362
37.60528,300.6385
37.61047,300.61703
37.6141,300.60037
37.61632,300.5853
37.61917,300.56998
37.62103,300.556
37.61917,300.54298
37.61348,300.52755
37.60563,300.50905
37.59525,300.48725
37.58137,300.46233
37.56655,300.43357
37.5541,300.39893
37.54325,300.35967
37.53502,300.31643
37.53193,300.27068
37.53267,300.22312
37.5366,300.17623
37.54488,300.13015
37.55432,300.08518
37.56638,300.0422
37.58155,300.00147
37.59835,299.9632
37.61687,299.93025
37.63462,299.90132
37.64923,299.87467
37.6617,299.84867
37.67172,299.82108
37.68063,299.79167
37.68945,299.75932
37.7002,299.72445
37.71205,299.6876
37.72445,299.649
37.73825,299.6087
37.75193,299.56635
37.76565,299.52082
37.78048,299.47358
37.79873,299.42497
37.82028,299.37808
37.84202,299.33152
37.86503,299.28753
37.8889,299.24663
37.91292,299.20872
37.93607,299.17363
37.96043,299.14272
37.98285,299.11748
38.00405,299.0968
38.02175,299.07997
38.03753,299.06422
38.05427,299.05145
38.06878,299.0434
38.08382,299.03472
38.09853,299.02873
38.11302,299.02152
38.12635,299.01785
38.13742,299.01498
38.14988,299.01243
38.16207,299.0117
38.17577,299.01082
38.19047,299.01275
38.20362,299.01765
38.21467,299.02333
38.22392,299.03052
38.23358,299.03862
38.24482,299.04942
38.25682,299.06402
38.26828,299.08405
38.27875,299.11067
38.2883,299.13793
38.30073,299.16888
38.3119,299.20563
38.32233,299.24603
38.33433,299.28032
38.34747,299.31583
38.36413,299.34487
38.38512,299.3665
38.41217,299.38093
38.44092,299.38932
38.47048,299.39225
38.49998,299.3925
38.52718,299.39313
38.54965,299.39427
38.56597,299.39335
38.58002,299.39095
38.5918,299.38752
38.6031,299.3845
38.61265,299.38347
38.6241,299.37862
38.63505,299.37118
38.64418,299.36343
38.65203,299.35223
38.65982,299.34107
38.66852,299.33078
38.67595,299.32113
38.6845,299.31042
38.69418,299.29458
38.70702,299.27653
38.721,299.25795
38.73538,299.24145
38.74997,299.22945
38.7642,299.21935
38.77743,299.20995
38.79007,299.20177
38.8035,299.19315
38.81672,299.18452
38.82962,299.17818
38.84292,299.17103
38.85415,299.16475
38.86243,299.16217
38.86707,299.15972
38.86977,299.15662
38.87055,299.1504
38.87047,299.14318
38.87105,299.13263
38.86955,299.12398
38.86755,299.1165
38.86615,299.10863
38.86645,299.09807
38.86655,299.08685
38.86663,299.0735
38.86785,299.0578
38.87148,299.03947
38.8772,299.02345
38.88232,299.01358
38.8891,299.00558
38.89653,299.00268
38.90387,299.00205
38.91017,299.00235
38.91423,299.00457
38.91145,299.00783
38.90558,299.00983
38.89618,299.0092
38.88383,299.00462
38.87145,298.9946
38.85882,298.98277
38.8463,298.96627
38.83593,298.95003
38.82753,298.94092
38.81848,298.93443
38.81115,298.92587
38.80438,298.9205
38.8028,298.91963
38.80113,298.92553
38.7994,298.93763
38.79548,298.95428
38.79127,298.9727
38.78635,298.99467
38.78102,299.02017
38.77565,299.04975
38.77078,299.07992
38.76683,299.11508
38.76447,299.15462
38.7635,299.19648
38.7675,299.23637
38.77738,299.2712
38.79332,299.30443
38.81323,299.33987
38.83872,299.37075
38.86793,299.40068
38.8952,299.42767
38.92118,299.4529
38.94815,299.47623
38.97415,299.50023
38.99705,299.52723
39.01607,299.55467
39.03653,299.58237
39.0573,299.61205
39.07845,299.64503
39.09822,299.68255
39.1133,299.72468
39.12735,299.77188
39.1396,299.82092
39.14978,299.87125
39.15872,299.92243
39.1666,299.97538
39.17423,300.0314
39.17962,300.08997
39.18115,300.15047
39.18035,300.2096
39.17515,300.26878
39.16895,300.32647
39.16158,300.3828
39.15503,300.43685
39.14928,300.48988
39.1427,300.54133
39.1363,300.59282
39.12635,300.64407
39.11317,300.69458
39.09695,300.7433
39.08047,300.78752
39.06738,300.82677
39.05513,300.86398
39.04403,300.90088
39.03197,300.93657
39.0201,300.97213
39.00765,301.00803
38.99565,301.045
38.98125,301.081
38.96518,301.11648
38.94825,301.15163
38.93017,301.18292
38.90908,301.21283
38.88882,301.23982
38.87112,301.2657
38.85582,301.28943
38.83963,301.31258
38.82145,301.33212
