35.92923,320.41007
35.91942,320.39917
35.90822,320.38603
35.89553,320.37245
35.8857,320.35357
35.87678,320.33515
35.86823,320.3163
35.86243,320.29828
35.8593,320.27997
35.85618,320.2627
35.85292,320.24533
35.85067,320.22915
35.8487,320.21323
35.84688,320.19822
35.84408,320.18422
35.84198,320.17203
35.83852,320.16012
35.8346,320.1458
35.83163,320.13295
35.82987,320.12133
35.82667,320.11222
35.82178,320.10235
35.81327,320.09488
35.80105,320.0832
35.7875,320.06735
35.77383,320.04843
35.76343,320.02947
35.75613,320.01088
35.75128,319.99465
35.74755,319.97937
35.7421,319.96622
35.73453,319.9556
35.72697,319.94622
35.72025,319.9345
35.71508,319.92365
35.70855,319.91335
35.6981,319.9018
35.68727,319.8912
35.67588,319.88275
35.66087,319.8759
35.64902,319.86348
35.63623,319.84975
35.62317,319.83562
35.6087,319.82
35.59633,319.7997
35.58562,319.77702
35.57578,319.75268
35.56848,319.72913
35.56405,319.70515
35.56142,319.68103
35.56013,319.65767
35.56085,319.63593
35.5646,319.61727
35.56877,319.5996
35.57228,319.58497
35.5733,319.5717
35.57365,319.55858
35.57155,319.54565
35.56713,319.53085
35.56392,319.51542
35.55855,319.49943
35.55272,319.47965
35.54843,319.45935
35.54472,319.43617
35.54128,319.41087
35.54023,319.38628
35.54118,319.3646
35.54233,319.34428
35.54452,319.32302
35.54633,319.30242
35.54915,319.28142
35.55288,319.26258
35.55485,319.245
35.5562,319.22893
35.55843,319.21457
35.55897,319.20207
35.56057,319.1899
35.5627,319.17947
35.5628,319.16933
35.56283,319.15708
35.56282,319.14748
35.55912,319.13697
35.552,319.12412
35.54558,319.1073
35.54317,319.0878
35.54367,319.06682
35.54745,319.04603
35.55442,319.02717
35.56287,319.01053
35.5704,318.99657
35.57817,318.98482
35.58407,318.97393
35.58945,318.96603
35.59173,318.9591
35.59413,318.9514
35.59407,318.94023
35.59408,318.9267
35.59548,318.91083
35.59825,318.89413
35.60175,318.88042
35.60545,318.86692
35.60947,318.85203
35.6135,318.8388
35.61572,318.82502
35.61885,318.8132
35.6215,318.79962
35.62433,318.78633
35.62673,318.7737
35.6316,318.7606
35.639,318.74752
35.64665,318.73548
35.65353,318.72365
35.66103,318.712
35.66898,318.70208
35.6763,318.6945
35.68248,318.6879
35.69005,318.68475
35.69727,318.68057
35.70437,318.67737
35.71083,318.67578
35.71472,318.67402
35.71507,318.6719
35.71458,318.66865
35.71358,318.66202
35.71067,318.654
35.70637,318.64308
35.7037,318.62957
35.7037,318.61478
35.70592,318.59897
35.7093,318.58338
35.7151,318.5707
35.721,318.56013
35.72787,318.5518
35.7361,318.54868
35.74333,318.5509
35.749,318.5511
35.75413,318.55152
35.75777,318.55315
35.75932,318.55665
35.75872,318.5599
35.75678,318.56337
35.75297,318.56477
35.7486,318.56287
35.74422,318.55593
35.74192,318.54823
35.7389,318.53793
35.73728,318.52638
35.73587,318.51108
35.73722,318.49478
35.74303,318.47942
35.7486,318.46498
35.75647,318.45527
35.76615,318.44618
35.77613,318.44038
35.78423,318.4389
35.79158,318.43417
35.79995,318.43142
35.80542,318.42783
35.80933,318.42475
35.81412,318.42357
35.81658,318.42373
35.8199,318.42488
35.8209,318.4226
35.82195,318.41912
35.82285,318.41495
35.82263,318.41305
35.82115,318.41067
35.81975,318.40508
35.82043,318.399
35.8223,318.38963
35.82735,318.37992
35.8293,318.37062
35.83298,318.36283
35.83722,318.354
35.8412,318.34478
35.84687,318.33692
35.8524,318.3339
35.85747,318.3302
35.86267,318.33082
35.86475,318.33353
35.86772,318.33998
35.86743,318.34733
35.86712,318.35283
35.8676,318.35695
35.86627,318.36065
35.8611,318.36355
35.85438,318.3646
35.84612,318.36605
35.83903,318.36183
35.83198,318.35428
35.82363,318.34398
35.8196,318.32787
35.8177,318.3117
35.81688,318.29488
35.8207,318.27603
35.82725,318.25883
35.8371,318.24453
35.8501,318.23542
35.86417,318.22922
35.87942,318.23018
35.88847,318.23485
35.89498,318.24353
35.8994,318.25177
35.90065,318.26012
35.89795,318.2707
35.89487,318.28095
35.89072,318.28392
35.88387,318.28695
35.87672,318.28697
35.87058,318.28075
35.8665,318.27207
35.8601,318.26205
35.85585,318.25083
35.85293,318.2375
35.85423,318.22148
35.85855,318.20763
35.86553,318.194
35.87577,318.18235
35.88897,318.17748
35.89943,318.17562
35.90798,318.1802
35.91238,318.18683
35.9141,318.19593
35.91365,318.20553
35.91123,318.21193
35.90818,318.21788
35.90618,318.2236
35.90238,318.22893
35.89895,318.23083
35.89342,318.23195
35.88935,318.23052
35.88645,318.2283
35.8852,318.22455
35.8844,318.22237
35.883,318.21922
35.8802,318.21562
35.87858,318.2106
35.87703,318.20362
35.87602,318.19675
35.87542,318.18765
35.87588,318.17893
35.87713,318.17167
35.87998,318.16623
35.88442,318.16293
35.88968,318.15982
35.89295,318.15935
35.89428,318.16048
35.8931,318.1628
35.89073,318.16257
35.88792,318.16062
35.88552,318.15567
35.88352,318.14878
35.88128,318.14155
35.87997,318.13297
35.88053,318.12348
35.8831,318.11538
35.88657,318.1068
35.89073,318.10175
35.89525,318.09553
35.8995,318.09163
35.90397,318.09065
35.90895,318.08913
35.91445,318.0854
35.9204,318.08325
35.92525,318.08365
35.92882,318.08113
35.9324,318.07762
35.93588,318.07468
35.93972,318.06983
35.94657,318.06243
35.95387,318.05532
35.96047,318.04875
35.96835,318.04513
35.97698,318.04198
35.98503,318.04003
35.99087,318.0386
35.99752,318.03868
36.00202,318.03853
36.00778,318.03967
36.01435,318.03883
36.02058,318.03315
36.03088,318.02877
36.0422,318.02548
36.05478,318.02583
36.06755,318.02853
36.07925,318.03422
36.08975,318.03853
36.1,318.04315
36.11092,318.04867
36.1187,318.05548
36.12655,318.061
36.13357,318.06547
36.14027,318.0688
36.14935,318.0709
36.16178,318.07193
36.17462,318.0783
36.18408,318.08582
36.19398,318.09277
36.20458,318.09717
36.21477,318.10455
36.22698,318.11125
36.24117,318.11982
36.2557,318.13247
36.26725,318.14738
36.27733,318.1646
36.28638,318.18095
36.29288,318.19618
36.29815,318.21118
36.30533,318.22185
36.31378,318.23313
36.32302,318.24377
36.33168,318.25585
36.3388,318.26777
36.34733,318.28162
36.35688,318.29245
36.36912,318.30417
36.37992,318.31678
36.39047,318.33128
36.40083,318.34718
36.41095,318.36198
36.41868,318.37855
36.42923,318.39457
36.43943,318.41058
36.44877,318.42443
36.46025,318.4381
36.47098,318.45273
36.48255,318.46823
36.49277,318.48497
36.50208,318.5029
36.50993,318.51922
36.51735,318.5332
36.52445,318.54753
36.5312,318.56278
36.53698,318.57717
36.54237,318.5926
36.54618,318.60782
36.54992,318.61902
36.55452,318.63032
36.55978,318.63658
36.56455,318.64138
36.57155,318.64548
36.57973,318.65233
36.58837,318.65925
36.59907,318.66912
36.61192,318.6816
36.62343,318.6961
36.63335,318.71212
36.64328,318.72788
36.65278,318.74765
36.66155,318.77082
36.66712,318.79355
36.67008,318.81652
36.66973,318.83887
36.6664,318.85783
36.66317,318.8747
36.66053,318.88977
36.65772,318.90147
36.65697,318.91117
36.65773,318.918
36.66032,318.9255
36.66258,318.93388
36.66598,318.94445
36.66913,318.9563
36.66968,318.96663
36.67,318.97627
36.67058,318.98708
36.67393,318.99847
36.67612,319.01152
36.67758,319.02662
36.67888,319.04717
36.67687,319.06897
36.67208,319.08867
36.66585,319.10757
36.656,319.12487
36.64655,319.1412
36.6349,319.15732
36.62292,319.1716
36.612,319.18378
36.60173,319.1939
36.59068,319.20123
36.58115,319.20888
36.57368,319.21767
36.56793,319.2222
36.56308,319.23015
36.55963,319.23743
36.55615,319.24492
36.55373,319.2556
36.55055,319.27023
36.54517,319.28732
36.53903,319.30482
36.5309,319.32273
36.52127,319.34098
36.51118,319.35767
36.50168,319.37487
36.48965,319.38925
36.47905,319.40287
36.4673,319.41848
36.45627,319.433
36.44582,319.44652
36.4372,319.461
36.42767,319.47708
36.41798,319.49272
36.40823,319.50907
36.39798,319.52435
36.38745,319.54078
36.37853,319.55432
36.36993,319.56957
36.36233,319.5857
36.35357,319.6031
36.34427,319.61927
36.3339,319.63772
36.32392,319.65573
36.31438,319.67343
36.30795,319.68938
36.29667,319.709
36.28447,319.72728
36.27162,319.74303
36.26032,319.7569
36.25087,319.76858
36.24353,319.78153
36.23633,319.79578
36.22933,319.8111
36.22217,319.82502
36.21547,319.83763
36.21057,319.85198
36.20612,319.86853
36.20093,319.88567
36.19522,319.904
36.18503,319.92052
36.17497,319.93475
36.16763,319.94508
36.1591,319.9539
36.15192,319.9602
36.14473,319.96685
36.13597,319.97558
36.12477,319.98475
36.11557,319.99217
36.10602,320.00015
36.0967,320.0087
36.08513,320.01855
36.0715,320.02702
36.05768,320.03003
36.04298,320.03022
36.03122,320.02723
36.02137,320.02448
36.0133,320.02145
36.00715,320.0168
36.0003,320.01198
35.9928,320.00932
35.98823,320.0078
35.98548,320.00675
35.97983,320.00915
35.97103,320.01362
35.95982,320.01692
35.94752,320.01932
35.93262,320.02163
35.91607,320.01903
35.90235,320.01333
35.88978,320.00747
35.87673,319.9971
35.86337,319.98647
35.85062,319.97487
35.83768,319.96205
35.82648,319.9474
35.8179,319.9337
35.81088,319.91938
35.80543,319.9071
35.8033,319.89538
35.80082,319.88525
35.79752,319.8778
35.79058,319.87332
35.78043,319.86815
35.76747,319.86272
35.75697,319.85277
35.74658,319.84077
35.7386,319.82942
35.7277,319.81807
35.71433,319.80542
35.70377,319.78823
35.69645,319.76927
35.68853,319.75027
35.68143,319.73217
35.67582,319.71347
35.67153,319.69558
35.66823,319.68073
35.66018,319.66433
35.65682,319.64877
35.65398,319.63602
35.6489,319.62648
35.64555,319.61827
35.64258,319.60688
35.639,319.59452
35.63222,319.58417
35.6235,319.57208
35.61595,319.55902
35.60835,319.54495
35.60195,319.52925
35.59685,319.5149
35.59302,319.49905
35.59002,319.48252
35.58553,319.46818
35.58042,319.45593
35.57245,319.443
35.56403,319.42753
35.55637,319.41058
35.54905,319.39285
35.54452,319.37423
35.54067,319.35968
35.53792,319.34523
35.53602,319.32903
35.5344,319.31647
35.53368,319.30447
35.53298,319.29427
35.5302,319.2864
35.5256,319.27892
35.52105,319.27248
35.51707,319.26545
35.51887,319.26002
35.51907,319.25508
35.51842,319.25067
35.51367,319.25148
35.50413,319.25112
35.4932,319.24772
35.48027,319.24515
35.46592,319.23822
35.45487,319.23105
35.4467,319.2203
35.438,319.20725
35.43048,319.19067
35.42662,319.17652
35.42358,319.16053
35.42177,319.146
35.42363,319.13
35.42508,319.12025
35.42898,319.11812
35.4302,319.11682
35.42795,319.11523
35.42497,319.11523
35.41475,319.11182
35.40462,319.10605
35.3963,319.09935
35.38648,319.09063
35.38072,319.08465
35.37517,319.076
35.37198,319.06333
35.37073,319.0518
35.37022,319.04082
35.3673,319.03413
35.36247,319.02902
35.35965,319.02145
35.35748,319.01125
35.3554,319.00295
