39.88838,301.938
39.917,301.96887
39.94345,302.00887
39.96743,302.05227
39.98922,302.10002
40.00947,302.1497
40.02608,302.19957
40.03828,302.24845
40.04892,302.29773
40.05652,302.34668
40.0613,302.39482
40.06292,302.44
40.06077,302.48188
40.05553,302.5204
40.04937,302.55412
40.04555,302.5835
40.04337,302.6101
40.04343,302.63377
40.04732,302.6572
40.05387,302.68287
40.06303,302.7117
40.0727,302.74383
40.08325,302.77643
40.09443,302.81195
40.10465,302.85383
40.11107,302.89875
40.11313,302.94542
40.11293,302.99318
40.10973,303.04027
40.10317,303.08645
40.09505,303.13143
40.08357,303.17467
40.07,303.21397
40.05582,303.24948
40.04143,303.28112
40.02733,303.3087
40.01665,303.332
40.00718,303.35423
40.00032,303.3756
39.99702,303.39592
39.99845,303.41853
40.00083,303.44713
40.00483,303.47897
40.00878,303.51553
40.01363,303.55817
40.01292,303.60443
40.00833,303.6507
40.00298,303.69812
39.99733,303.74612
39.99108,303.79407
39.98245,303.84242
39.97405,303.88968
39.96495,303.93753
39.95483,303.98553
39.94383,304.03625
39.93437,304.08482
39.9256,304.13322
39.91788,304.1806
39.90998,304.2283
39.90465,304.27737
39.90255,304.32647
39.9007,304.37593
39.89648,304.42593
39.89263,304.47655
39.89368,304.5293
39.90002,304.58792
39.90828,304.64843
39.91602,304.71053
39.92233,304.77107
39.92853,304.83047
39.93442,304.88948
39.94,304.94983
39.94295,305.01235
39.94517,305.0753
39.94715,305.13838
39.94715,305.20058
39.948,305.26223
39.95077,305.32462
39.95513,305.39035
39.96253,305.45785
39.97238,305.52993
39.982,305.60157
39.9921,305.67192
40.00388,305.73995
40.0179,305.80587
40.03178,305.86905
40.04933,305.92823
40.06968,305.9803
40.0936,306.03763
40.12077,306.0913
40.14968,306.14457
40.17888,306.19702
40.20765,306.24652
40.23552,306.29353
40.26278,306.33778
40.29023,306.38033
40.3157,306.42287
40.34045,306.463
40.36503,306.50075
40.3885,306.53967
40.41205,306.57795
40.43448,306.61552
40.45478,306.65257
40.47298,306.69023
40.48942,306.72998
40.5046,306.76947
40.51742,306.80748
40.5292,306.84547
40.54137,306.88343
40.55442,306.92063
40.56785,306.95975
40.58057,307.00073
40.59352,307.04357
40.60547,307.08822
40.61598,307.13317
40.62357,307.18052
40.62922,307.22933
40.63215,307.27877
40.63487,307.32842
40.6353,307.37988
40.63355,307.43295
40.63032,307.48627
40.62725,307.53968
40.62395,307.59202
40.62093,307.64607
40.61713,307.70172
40.61057,307.75805
40.603,307.81372
40.59428,307.86875
40.58282,307.92408
40.57018,307.97992
40.55693,308.03637
40.54242,308.09522
40.52883,308.15658
40.51387,308.22218
40.49975,308.29353
40.48375,308.37132
40.46527,308.44952
40.4459,308.52692
40.42387,308.60418
40.40057,308.67912
40.3759,308.75258
40.35085,308.8237
40.3274,308.89388
40.30832,308.96243
40.29393,309.02977
40.28507,309.09893
40.28147,309.16837
40.28233,309.23762
40.28845,309.3046
40.29583,309.37038
40.30435,309.4342
40.3127,309.49575
40.32248,309.5531
40.33247,309.61117
40.34163,309.66788
40.35072,309.72307
40.35987,309.77902
40.36847,309.83407
40.3781,309.88975
40.38713,309.94725
40.3949,310.00472
40.4031,310.06265
40.4111,310.12068
40.41908,310.17902
40.42672,310.23643
40.43438,310.29145
40.44172,310.34643
40.44878,310.40158
40.45495,310.45778
40.4614,310.5122
40.46692,310.56398
40.47225,310.61293
40.47983,310.65718
40.48865,310.70085
40.49755,310.7469
40.5062,310.7943
40.51527,310.84392
40.52302,310.89575
40.52673,310.94775
40.52822,310.9976
40.52597,311.04432
40.52088,311.08787
40.5148,311.1294
40.50802,311.17005
40.49872,311.20432
40.48903,311.2369
40.47893,311.26542
40.46902,311.28953
40.4594,311.31107
40.45092,311.33137
40.44648,311.35155
40.43973,311.37178
40.43482,311.39965
40.42993,311.42665
40.42537,311.45233
40.42035,311.47795
40.4154,311.49963
40.41132,311.52038
40.40647,311.5393
40.40237,311.5581
40.39792,311.57892
40.39135,311.6008
40.38162,311.62525
40.36703,311.64763
40.34992,311.66888
40.33143,311.68773
40.31197,311.70175
40.29255,311.71177
40.27165,311.71807
40.25422,311.7185
40.24045,311.71853
40.22723,311.72107
40.21458,311.72693
40.20293,311.73838
40.1896,311.75237
40.1748,311.77082
40.15823,311.78903
40.13918,311.80845
40.11723,311.82845
40.0934,311.84662
40.06912,311.86652
40.04252,311.88813
40.01307,311.91188
39.98008,311.93433
39.94897,311.9507
39.91827,311.96398
39.88933,311.9766
39.86123,311.98752
39.83638,311.99748
39.81443,312.0063
39.79905,312.0178
39.78445,312.03717
39.7684,312.06215
39.75112,312.09255
39.73053,312.12322
39.71002,312.1533
39.68705,312.18535
39.66,312.21682
39.6325,312.24462
39.60558,312.26898
39.57937,312.28863
39.55458,312.30733
39.53047,312.32323
39.50625,312.3365
39.48298,312.34638
39.46328,312.35627
39.44527,312.36637
39.42903,312.37548
39.41598,312.38597
39.40352,312.40248
39.39088,312.42322
39.3788,312.44613
39.36515,312.472
39.3497,312.49865
39.33065,312.526
39.30907,312.55005
39.28502,312.5719
39.25933,312.58962
39.2345,312.6045
39.2117,312.61735
39.19027,312.6307
39.17058,312.64637
39.15112,312.6616
39.13433,312.67883
39.11882,312.69855
39.10427,312.71762
39.09048,312.73768
39.07823,312.75808
39.06767,312.78165
39.05793,312.80483
39.04813,312.82823
39.03862,312.85413
39.02843,312.88437
39.01658,312.91273
39.00565,312.93938
38.99475,312.96238
38.98552,312.98178
38.97982,313.0001
38.97632,313.01812
38.97703,313.03632
38.97967,313.0573
38.98445,313.08042
38.99013,313.10422
38.99705,313.12898
39.00468,313.15552
39.01215,313.1838
39.0185,313.21255
39.02548,313.24097
39.03307,313.26778
39.04187,313.2923
39.05035,313.317
39.05898,313.34123
39.06805,313.36407
39.07998,313.38262
39.09398,313.39992
39.10935,313.41677
39.12772,313.43512
39.13845,313.45638
39.14465,313.477
39.14925,313.4954
39.1524,313.50807
39.15392,313.51373
39.15458,313.51878
39.15352,313.52062
39.15243,313.51583
39.15635,313.5038
39.16458,313.48913
39.17707,313.47345
39.1946,313.45768
39.21485,313.44648
39.23513,313.4373
39.25528,313.43202
39.2786,313.4328
39.30122,313.43543
39.31893,313.43958
39.3328,313.44635
39.34247,313.45305
39.3487,313.45968
39.35152,313.46375
39.35163,313.46555
39.35125,313.46105
39.35218,313.45038
39.35458,313.4353
39.35923,313.41333
39.36983,313.38825
39.38695,313.36498
39.40813,313.34212
39.43327,313.32108
39.46138,313.3043
39.4912,313.29317
39.52158,313.2887
39.55073,313.28835
39.57617,313.2904
39.59482,313.29133
39.61215,313.28773
39.62813,313.2797
39.64537,313.2708
39.66333,313.26135
39.68038,313.25107
39.69933,313.23555
39.7222,313.21652
39.74932,313.19833
39.77988,313.18785
39.8147,313.1863
39.84962,313.18902
39.88308,313.19888
39.9166,313.21765
39.94682,313.24247
39.97122,313.26987
39.9912,313.30007
39.99985,313.333
40.00222,313.36167
39.99588,313.38517
39.98635,313.3997
39.97637,313.40458
39.9665,313.4007
39.95808,313.3882
39.95257,313.36773
39.95463,313.34095
39.96198,313.3122
39.97447,313.28553
39.99143,313.26115
40.0137,313.24308
40.03937,313.23042
40.06603,313.2265
40.0922,313.22908
40.11367,313.23715
40.12702,313.24805
40.13523,313.25908
40.13762,313.272
40.13602,313.27963
40.13027,313.2824
40.1198,313.27585
40.10848,313.26133
40.09843,313.2405
40.09213,313.21242
40.09218,313.17738
40.0986,313.14052
40.11447,313.10398
40.13338,313.07338
40.15733,313.04803
40.18208,313.02973
40.20597,313.01787
40.22808,313.01265
40.24732,313.01528
40.262,313.02558
40.269,313.04063
40.2677,313.05563
40.2616,313.06687
40.254,313.07252
40.2453,313.07158
40.23808,313.06575
40.23352,313.0571
40.23042,313.04437
40.22988,313.02697
40.2322,313.01147
40.238,312.99948
40.2484,312.98962
40.2616,312.98498
40.27868,312.98475
40.29647,312.9889
40.3136,312.99788
40.3313,313.01288
40.34453,313.034
40.35253,313.05607
40.35557,313.07733
40.35575,313.0964
40.35263,313.1118
40.34632,313.1223
40.33915,313.12682
40.33388,313.12615
40.32877,313.12057
40.32582,313.11012
40.32717,313.09818
40.33052,313.08593
40.33647,313.07362
40.3462,313.06232
40.36105,313.05618
40.37598,313.05732
40.3903,313.06432
40.4027,313.07562
40.41427,313.0922
40.42122,313.11217
40.42392,313.13355
40.42312,313.15188
40.42087,313.16683
40.4153,313.17782
40.40855,313.1829
40.4004,313.18528
40.39397,313.18163
40.39177,313.17222
40.39613,313.16143
40.40245,313.15288
40.41372,313.14495
40.4291,313.13933
40.44585,313.1394
40.46113,313.14577
40.47615,313.15515
40.49013,313.16942
40.50035,313.18505
40.50508,313.20178
40.50513,313.21795
40.50382,313.23285
40.50088,313.24465
40.49665,313.25273
40.4942,313.25008
40.49442,313.24208
40.49912,313.23207
40.50645,313.225
40.51705,313.22072
40.53177,313.2194
40.54617,313.22353
40.56167,313.22893
40.57153,313.23642
40.57877,313.24453
40.58582,313.25217
40.5926,313.26122
40.59772,313.26928
40.60085,313.27638
40.60228,313.27795
40.60657,313.27802
40.60957,313.27833
40.6138,313.27867
40.61727,313.27548
40.62112,313.272
40.62748,313.26875
40.63522,313.26458
40.64295,313.2622
40.65125,313.25947
40.6605,313.25698
40.67135,313.25418
40.68205,313.2554
40.69102,313.25862
40.69873,313.26402
40.7045,313.26902
40.70982,313.27602
40.71007,313.28467
40.70777,313.28895
40.70363,313.29047
40.69975,313.28705
40.69562,313.28208
40.69508,313.27252
40.69897,313.26033
40.70563,313.25122
40.71028,313.24412
40.71285,313.23862
40.7163,313.2312
40.7221,313.2222
40.7264,313.21385
40.72925,313.20567
40.73448,313.2003
40.73995,313.19537
40.7429,313.1917
40.74725,313.18885
40.75318,313.18637
40.76163,313.18378
40.76948,313.18368
40.77543,313.18475
40.77888,313.18517
40.7835,313.18557
40.78765,313.18842
40.78973,313.18892
40.79023,313.18422
40.79308,313.17815
40.79668,313.17065
40.79835,313.16142
40.8039,313.15512
40.80972,313.15078
40.81428,313.15297
40.81862,313.15727
40.82243,313.16303
40.82563,313.17033
40.82628,313.18008
40.82588,313.1878
40.82587,313.19268
40.82552,313.19568
40.82457,313.19813
40.82283,313.19955
40.82183,313.20307
40.82262,313.20972
40.82182,313.21738
40.82153,313.22542
40.82032,313.2347
40.81768,313.24152
40.81537,313.24807
40.81293,313.25495
40.81022,313.26047
40.80805,313.26627
40.80535,313.27112
40.80348,313.2784
40.80185,313.28532
40.80202,313.2871
40.80448,313.28832
40.80857,313.29347
40.81268,313.30048
40.81675,313.30795
40.81883,313.31377
40.82078,313.32315
40.82493,313.33365
40.82922,313.34275
40.83177,313.3522
40.83497,313.36032
40.83805,313.36902
40.84202,313.37562
40.84718,313.38023
40.85312,313.38615
40.86055,313.39205
40.86833,313.40055
40.87637,313.41102
40.88263,313.42183
40.89057,313.43178
