37.77892,303.61933
37.77935,303.61567
37.7822,303.61128
37.78467,303.60573
37.78722,303.59982
37.79197,303.59368
37.79872,303.58877
37.80587,303.58612
37.81302,303.58617
37.81873,303.58842
37.8226,303.58817
37.82523,303.58173
37.83073,303.55635
37.83782,303.52128
37.849,303.48383
37.8646,303.44675
37.88325,303.41215
37.9036,303.38217
37.9236,303.35442
37.94403,303.32752
37.9655,303.30197
37.9881,303.27707
38.01098,303.2532
38.03265,303.2325
38.0548,303.2143
38.07705,303.19625
38.10112,303.17823
38.12623,303.16343
38.15108,303.15022
38.17445,303.13885
38.19755,303.12437
38.22407,303.1087
38.24945,303.09327
38.27295,303.0789
38.29303,303.06327
38.30877,303.046
38.32373,303.0268
38.33828,303.0057
38.3501,302.98538
38.3613,302.96638
38.37297,302.95047
38.38603,302.93842
38.40063,302.92927
38.41692,302.92325
38.4334,302.92227
38.4492,302.92598
38.46442,302.93153
38.4775,302.9396
38.48922,302.94987
38.49988,302.95873
38.51097,302.96927
38.52295,302.98028
38.53333,302.99588
38.5423,303.013
38.55038,303.03158
38.55767,303.05072
38.56363,303.0719
38.5678,303.09447
38.56942,303.11697
38.56875,303.1408
38.5662,303.16497
38.56158,303.18733
38.5563,303.20942
38.54937,303.23313
38.54303,303.25698
38.53617,303.2785
38.5299,303.29728
38.52673,303.31207
38.5246,303.32667
38.52222,303.3411
38.5194,303.35635
38.51495,303.37345
38.50785,303.39065
38.49782,303.40742
38.4849,303.42425
38.46995,303.439
38.455,303.45437
38.43902,303.46993
38.41995,303.48455
38.40103,303.49705
38.37968,303.50972
38.35605,303.52128
38.33077,303.53115
38.30493,303.53918
38.28008,303.54807
38.25562,303.55582
38.22775,303.56168
38.19607,303.56323
38.16383,303.5647
38.13458,303.56657
38.105,303.5704
38.07493,303.57208
38.04678,303.57115
38.02062,303.57005
37.99652,303.57005
37.97535,303.57168
37.95503,303.57163
37.93363,303.57202
37.91205,303.57132
37.8929,303.57373
37.87202,303.57628
37.8485,303.5772
37.82583,303.57787
37.80298,303.57765
37.78285,303.5763
37.76375,303.57282
37.74387,303.57055
37.72337,303.56718
37.7017,303.5609
37.6821,303.55328
37.6643,303.54537
37.648,303.5376
37.63177,303.53018
37.61542,303.52338
37.59518,303.5176
37.57535,303.51057
37.5561,303.50403
37.53622,303.49898
37.51795,303.49353
37.50035,303.49003
37.48228,303.48782
37.4641,303.48397
37.44672,303.48032
37.43035,303.47718
37.41455,303.47398
37.39973,303.47065
37.38592,303.46493
37.37322,303.45938
37.36022,303.4544
37.3478,303.44905
37.33755,303.44295
37.32718,303.4367
37.3184,303.4316
37.3118,303.42788
37.30592,303.42865
37.2992,303.43167
37.29263,303.43688
37.2855,303.44412
37.2771,303.45173
37.26788,303.46158
37.25695,303.47298
37.2444,303.4841
37.22845,303.49465
37.21285,303.50382
37.1985,303.50987
37.18743,303.51503
37.17718,303.52095
37.16957,303.52653
37.1623,303.53152
37.15852,303.53882
37.15728,303.54802
37.1589,303.55863
37.16785,303.56983
37.1808,303.5831
37.19693,303.59713
37.21302,303.61143
37.22678,303.6267
37.23563,303.64217
37.24178,303.65593
37.24752,303.6691
37.25022,303.68083
37.25145,303.69148
37.25297,303.69837
37.2544,303.70245
37.25437,303.70495
37.25238,303.70447
37.24798,303.70192
37.2429,303.69682
37.2373,303.68932
37.23273,303.68038
37.23025,303.66983
37.22992,303.66037
37.23042,303.65215
37.23198,303.64498
37.24142,303.63722
37.24805,303.63803
37.2547,303.64338
37.26005,303.65307
37.26345,303.66623
37.26307,303.68187
37.25975,303.69833
37.25438,303.71368
37.24507,303.72848
37.23528,303.74135
37.22488,303.75277
37.2159,303.7629
37.20608,303.772
37.19788,303.77983
37.19072,303.7888
37.18365,303.79777
37.17655,303.80678
37.16767,303.8162
37.15737,303.82615
37.1444,303.83608
37.1298,303.84518
37.11387,303.8523
37.09763,303.85882
37.08245,303.86335
37.06807,303.86797
37.05617,303.87123
37.0472,303.87512
37.03817,303.87943
37.0276,303.88253
37.0168,303.8841
37.00582,303.88383
36.9939,303.8836
36.98345,303.88305
36.97402,303.88335
36.9646,303.88443
36.9549,303.88672
36.94498,303.89058
36.9328,303.89255
36.9203,303.89367
36.90717,303.89333
36.89547,303.89147
36.88472,303.88877
36.8745,303.8838
36.86543,303.87842
36.8579,303.87262
36.85047,303.8662
36.84372,303.85982
36.8385,303.8548
36.83448,303.85125
36.8312,303.84815
36.82893,303.8472
36.82623,303.84798
36.82325,303.8498
36.82028,303.8522
36.81643,303.857
36.80987,303.86355
36.80143,303.86807
36.79217,303.87222
36.78223,303.87332
36.77225,303.87237
36.76232,303.86967
36.75292,303.86573
36.744,303.86
36.73552,303.85442
36.72787,303.84902
36.721,303.84275
36.71522,303.83608
36.71107,303.8293
36.70772,303.82165
36.70503,303.81585
36.70208,303.81215
36.69977,303.80965
36.6973,303.8074
36.69402,303.80502
36.69027,303.80317
36.68528,303.80018
36.68057,303.7971
36.67622,303.79347
36.67337,303.78973
36.67168,303.78835
36.66967,303.7887
36.6672,303.7894
36.66328,303.79118
36.65832,303.79193
36.65245,303.79158
36.64665,303.78925
36.6435,303.78562
36.6427,303.7828
36.64123,303.78145
36.64043,303.7815
36.64028,303.78207
36.64042,303.78343
36.63988,303.78617
36.6395,303.78765
36.63887,303.79
36.63787,303.79217
36.63753,303.79372
36.63718,303.7937
36.63852,303.79258
36.64065,303.7921
36.64258,303.79157
36.6455,303.79238
36.64738,303.79245
36.64987,303.79178
36.65293,303.79233
36.65668,303.79362
36.65937,303.79673
36.66043,303.79997
36.66092,303.80295
36.66063,303.80545
36.6584,303.80703
36.65508,303.80655
36.65115,303.80192
36.64837,303.7963
36.64775,303.7916
36.64883,303.78787
36.64968,303.78442
36.65067,303.7794
36.65293,303.7721
36.6573,303.76713
36.66138,303.76503
36.65978,303.75705
36.65503,303.74257
36.65037,303.72838
36.64647,303.7145
36.6455,303.69825
36.64508,303.6801
36.64595,303.66127
36.6484,303.64238
36.65262,303.62295
36.65932,303.60282
36.66778,303.5838
36.6781,303.56553
36.6904,303.5491
36.70462,303.53507
36.72087,303.52333
36.73723,303.51358
36.75353,303.50512
36.77095,303.5
36.78823,303.4982
36.80547,303.49837
36.82293,303.49825
36.84065,303.50018
36.86072,303.5027
36.88172,303.51245
36.9012,303.5243
36.91933,303.53947
36.93607,303.55728
36.9524,303.57763
36.96865,303.59785
36.9858,303.6193
37.00173,303.64157
37.01727,303.6653
37.0337,303.68953
37.04908,303.71387
37.06707,303.73982
37.08628,303.7676
37.10343,303.79815
37.11813,303.82418
37.13318,303.84935
37.14752,303.87845
37.16368,303.90862
37.1771,303.94143
37.18627,303.9774
37.19285,304.01658
37.19643,304.05723
37.19622,304.09682
37.18743,304.13235
37.16815,304.16008
37.14548,304.18057
37.12082,304.19372
37.09577,304.19642
37.07362,304.19402
37.05448,304.18803
37.04028,304.1788
37.0307,304.16848
37.02515,304.1585
37.02445,304.14907
37.02812,304.13985
37.03322,304.1324
37.04038,304.12677
37.04973,304.12407
37.05905,304.12423
37.06588,304.12747
37.07448,304.14283
37.08072,304.16875
37.08138,304.1984
37.07498,304.22952
37.06148,304.25735
37.04187,304.28028
37.0203,304.30072
36.99877,304.3166
36.97897,304.32807
36.95908,304.33547
36.93835,304.33888
36.91598,304.34168
36.88958,304.34122
36.86152,304.33665
36.834,304.32982
36.80827,304.31813
36.78563,304.30217
36.76553,304.28238
36.74778,304.25958
36.73477,304.2368
36.72623,304.2172
36.72102,304.19908
36.71863,304.18477
36.71862,304.17483
36.7192,304.17145
36.71867,304.17608
36.71503,304.18503
36.71078,304.19868
36.70503,304.21717
36.6952,304.23733
36.68003,304.2531
36.66335,304.26608
36.64612,304.27765
36.62742,304.28812
36.608,304.29435
36.58847,304.29627
36.56992,304.2946
36.55325,304.29058
36.53977,304.28518
36.5302,304.28053
36.52338,304.27818
36.51772,304.27928
36.51262,304.28247
36.50767,304.28678
36.50132,304.29303
36.49457,304.29948
36.48635,304.30738
36.47605,304.31687
36.46505,304.32693
36.4535,304.33467
36.44128,304.3418
36.42817,304.3479
36.41562,304.35282
36.40315,304.35737
36.39265,304.36268
36.38262,304.36608
36.37272,304.37005
36.36288,304.37102
36.35643,304.37048
36.35222,304.37127
36.34983,304.37128
36.34933,304.36978
36.35122,304.37093
36.35567,304.37403
36.36118,304.3819
36.36675,304.39123
36.36982,304.40533
36.37153,304.42095
36.37365,304.43558
36.37372,304.45303
36.3699,304.47032
36.36382,304.48763
36.35817,304.50183
36.35133,304.51533
36.34437,304.52675
36.33692,304.53533
36.32908,304.54032
36.324,304.54087
36.32263,304.5405
36.32293,304.5416
36.32575,304.54485
36.33022,304.54998
36.3326,304.56025
36.33493,304.56968
36.33745,304.5804
36.33537,304.59023
36.33348,304.598
36.33303,304.60498
36.3326,304.61108
36.33187,304.6164
36.33247,304.62182
36.33425,304.62745
36.33622,304.63472
36.3354,304.64017
36.33602,304.64498
36.33677,304.6511
36.33637,304.6574
36.3361,304.66275
36.33633,304.67093
36.33385,304.67927
36.33173,304.6838
36.32755,304.68852
36.32443,304.6917
36.32143,304.69387
36.31863,304.69393
36.31925,304.6931
36.32078,304.6919
36.32425,304.69028
36.32883,304.68972
36.33303,304.69312
36.33583,304.69812
36.33793,304.70537
36.34007,304.7145
36.34375,304.72362
36.3477,304.73467
36.34998,304.74618
36.34915,304.76007
36.34745,304.77332
36.34357,304.78325
36.33802,304.79008
36.33147,304.79373
36.32502,304.79583
36.31895,304.79427
36.31523,304.79575
36.31092,304.79785
36.30823,304.80042
36.30613,304.80013
36.3055,304.79828
36.30602,304.79828
36.30775,304.80002
36.31067,304.80517
36.31042,304.8153
36.30772,304.82642
36.30282,304.83838
36.29607,304.85035
36.2856,304.86213
36.27448,304.87038
36.2624,304.87542
36.2502,304.87903
36.23808,304.88032
36.22732,304.8812
36.21743,304.88355
36.2081,304.88757
36.19922,304.89103
36.18998,304.89467
36.17848,304.89867
36.16658,304.90343
36.15365,304.90427
36.14233,304.90232
36.13142,304.89908
36.12123,304.89532
36.11098,304.89123
36.10025,304.88817
36.08973,304.88763
36.08005,304.8874
36.0697,304.88685
36.05902,304.88793
36.04875,304.88672
36.03825,304.88528
36.02863,304.88132
36.02107,304.87722
36.01518,304.87567
36.00978,304.87562
36.00378,304.87675
35.99592,304.8789
35.9872,304.87982
35.97685,304.88182
35.96587,304.88275
35.9546,304.8844
35.94298,304.88422
35.9316,304.88398
35.91718,304.88383
35.90212,304.88242
35.88802,304.87702
35.87533,304.86928
35.86455,304.86077
35.85612,304.8541
35.84827,304.8472
35.84028,304.84043
35.83083,304.83573
35.8215,304.83168
35.81203,304.82793
35.8027,304.82497
35.79257,304.8216
35.78375,304.81703
35.77577,304.81273
35.76718,304.80812
35.75868,304.80245
35.7502,304.79917
35.74078,304.7955
35.73183,304.7925
35.721,304.79053
35.71047,304.7873
