28.4145,292.99267
28.42078,292.98303
28.427,292.97342
28.43355,292.96318
28.44023,292.95005
28.4479,292.9381
28.45607,292.92782
28.4646,292.91672
28.4736,292.90485
28.48228,292.89393
28.4923,292.88415
28.50212,292.87475
28.51352,292.86623
28.52432,292.85907
28.5346,292.85212
28.54485,292.8452
28.55565,292.83958
28.56627,292.83268
28.57633,292.82523
28.58502,292.81937
28.59303,292.81358
28.60015,292.80802
28.60423,292.80428
28.60797,292.79877
28.61375,292.79015
28.621,292.78142
28.62933,292.77197
28.6378,292.76292
28.64467,292.75333
28.65,292.74462
28.65613,292.73462
28.66302,292.7245
28.67015,292.71463
28.67763,292.70452
28.68613,292.69507
28.69592,292.6879
28.70535,292.68053
28.71698,292.6733
28.7284,292.6654
28.74223,292.6599
28.75835,292.65618
28.77357,292.65558
28.78787,292.65733
28.80188,292.6594
28.81387,292.66185
28.82147,292.66535
28.82573,292.66497
28.82777,292.66268
28.82917,292.65795
28.83113,292.6501
28.83407,292.64117
28.84067,292.63087
28.84657,292.62025
28.85412,292.60947
28.86302,292.5992
28.87297,292.58892
28.88402,292.57898
28.89757,292.5698
28.91105,292.56238
28.92372,292.55595
28.93468,292.55015
28.94355,292.5449
28.95148,292.54058
28.95768,292.53452
28.96337,292.5276
28.96837,292.52002
28.97437,292.51097
28.98237,292.50043
28.99107,292.4912
28.99883,292.4824
29.00525,292.47207
29.01132,292.46187
29.01777,292.45303
29.02355,292.44612
29.02783,292.43892
29.02915,292.43095
29.02902,292.4217
29.02918,292.41072
29.03138,292.39638
29.03497,292.38213
29.04048,292.36832
29.04978,292.35498
29.0606,292.34223
29.07085,292.32923
29.08185,292.31625
29.09373,292.30525
29.1067,292.29507
29.12067,292.28562
29.13318,292.27617
29.14395,292.26588
29.1533,292.25478
29.16182,292.24583
29.1683,292.23813
29.1726,292.23005
29.17637,292.22143
29.1805,292.2137
29.1845,292.20505
29.18942,292.1949
29.19458,292.18347
29.20225,292.17128
29.2102,292.16077
29.21797,292.14957
29.22592,292.13925
29.23295,292.12917
29.23917,292.11767
29.24618,292.10705
29.25395,292.09763
29.2603,292.08938
29.26703,292.08142
29.27397,292.07255
29.2827,292.0644
29.29228,292.05658
29.30258,292.04907
29.31373,292.04292
29.3259,292.03762
29.33745,292.03485
29.3479,292.03475
29.35587,292.03542
29.36195,292.03655
29.36635,292.03833
29.36893,292.039
29.37113,292.03862
29.37363,292.03838
29.3772,292.03835
29.38117,292.03743
29.38533,292.03607
29.39075,292.03475
29.39648,292.0343
29.40227,292.03538
29.40687,292.03772
29.4107,292.03992
29.41475,292.04148
29.41928,292.04363
29.426,292.04687
29.43372,292.05052
29.44333,292.05435
29.45142,292.06022
29.4585,292.0671
29.4674,292.07545
29.47547,292.08477
29.48087,292.095
29.48473,292.10447
29.48748,292.11307
29.48812,292.12125
29.48657,292.1278
29.48437,292.13232
29.48202,292.1358
29.48098,292.13785
29.48193,292.13907
29.4844,292.13888
29.48755,292.13843
29.49108,292.13675
29.49553,292.13478
29.5032,292.13255
29.51162,292.13112
29.51977,292.13067
29.52575,292.13127
29.53057,292.13227
29.53408,292.13228
29.53713,292.13272
29.53992,292.13067
29.54262,292.12962
29.5457,292.12887
29.5473,292.12623
29.54798,292.12387
29.54817,292.1221
29.5472,292.11932
29.54412,292.11462
29.5429,292.10835
29.54273,292.1001
29.54295,292.09102
29.54385,292.08173
29.54805,292.07242
29.55355,292.06358
29.5588,292.0562
29.56448,292.04977
29.56952,292.0442
29.57438,292.0412
29.57743,292.03917
29.57928,292.0378
29.57937,292.03602
29.57985,292.03317
29.581,292.03043
29.58207,292.027
29.58358,292.02322
29.58267,292.01952
29.58325,292.0133
29.58282,292.00783
29.58172,292.002
29.58207,291.99568
29.5827,291.98883
29.58172,291.9817
29.58093,291.97268
29.58132,291.96457
29.58283,291.95632
29.58398,291.94943
29.58648,291.93978
29.5912,291.92828
29.59777,291.91848
29.6043,291.91235
29.61187,291.90978
29.61668,291.90788
29.6177,291.90567
29.61623,291.90155
29.6138,291.89555
29.61065,291.88985
29.60682,291.88335
29.6012,291.8724
29.59558,291.85822
29.5907,291.84302
29.58802,291.82512
29.58842,291.80693
29.59038,291.7882
29.59468,291.77205
29.5979,291.75573
29.6019,291.7417
29.60427,291.72875
29.60605,291.71493
29.60852,291.69913
29.61282,291.68473
29.619,291.67212
29.62453,291.65952
29.63015,291.64823
29.63585,291.6388
29.64115,291.63148
29.6463,291.62598
29.64857,291.62127
29.6483,291.6159
29.64518,291.60838
29.64045,291.59753
29.63493,291.5821
29.63182,291.5654
29.62853,291.54583
29.62653,291.52488
29.62672,291.5022
29.62995,291.47943
29.63562,291.45998
29.64287,291.44102
29.65162,291.42108
29.66295,291.40363
29.67468,291.39248
29.68427,291.38382
29.6939,291.37722
29.70328,291.37155
29.71127,291.36638
29.71822,291.363
29.72353,291.36078
29.72598,291.36035
29.72685,291.35783
29.72643,291.3537
29.72412,291.34528
29.72055,291.33468
29.7188,291.32312
29.72025,291.31105
29.72228,291.29687
29.72453,291.28183
29.73063,291.26657
29.73987,291.2519
29.75138,291.24047
29.76533,291.23022
29.77925,291.22315
29.7917,291.2197
29.8035,291.21872
29.8133,291.21922
29.81975,291.22128
29.82412,291.2219
29.82713,291.22368
29.82705,291.22492
29.82613,291.22158
29.82673,291.2157
29.83212,291.20857
29.83825,291.20287
29.84393,291.1982
29.84777,291.19445
29.85153,291.18952
29.85525,291.18537
29.8595,291.18207
29.86437,291.1783
29.87013,291.17593
29.8761,291.17458
29.88213,291.17427
29.8885,291.17617
29.89472,291.17958
29.90198,291.18143
29.90853,291.18625
29.91338,291.19153
29.91563,291.19633
29.91738,291.20173
29.921,291.20485
29.9241,291.20663
29.92522,291.20862
29.9267,291.2098
29.92917,291.20977
29.93288,291.20692
29.93773,291.20385
29.94262,291.2022
29.94772,291.20147
29.95495,291.20107
29.96302,291.20212
29.97242,291.203
29.97887,291.20593
29.98342,291.21077
29.98753,291.21752
29.99107,291.2237
29.99483,291.23097
29.99802,291.23848
29.99912,291.24682
29.99943,291.25338
29.99878,291.25705
29.99788,291.25958
29.99767,291.26078
29.9974,291.26195
29.99947,291.26257
30.00315,291.26537
30.00763,291.26935
30.01147,291.27532
30.01592,291.28087
30.0198,291.28467
30.02393,291.28932
30.0303,291.29472
30.03487,291.29852
30.0394,291.3019
30.0439,291.3055
30.04682,291.3088
30.0496,291.31225
30.05192,291.3163
30.05532,291.31918
30.05927,291.31982
30.06202,291.32263
30.06592,291.32585
30.07025,291.32983
30.07255,291.33522
30.07245,291.3417
30.07365,291.34643
30.07493,291.35023
30.07742,291.35098
30.0792,291.3511
30.0801,291.3513
30.0828,291.34992
30.08553,291.34703
30.08958,291.34458
30.09537,291.34217
30.10373,291.34085
30.11152,291.34222
30.11985,291.34412
30.12607,291.34612
30.13127,291.34723
30.1378,291.35017
30.14503,291.35392
30.15095,291.35653
30.15632,291.35957
30.1601,291.36407
30.16353,291.36775
30.16575,291.37117
30.16818,291.37445
30.17102,291.37718
30.17383,291.3795
30.1747,291.37967
30.17725,291.38007
30.17908,291.37922
30.18197,291.3769
30.18598,291.3747
30.18798,291.37138
30.1882,291.36532
30.18863,291.35735
30.18847,291.34935
30.18835,291.34075
30.18828,291.32975
30.1901,291.31625
30.19582,291.30163
30.20352,291.28788
30.21238,291.27667
30.22242,291.26848
30.23315,291.26342
30.24432,291.26305
30.25403,291.26467
30.26337,291.26812
30.2705,291.27325
30.27643,291.27987
30.28238,291.28675
30.2876,291.29292
30.29133,291.29978
30.29242,291.30678
30.29223,291.31205
30.29232,291.31495
30.29315,291.3161
30.2924,291.31592
30.29127,291.31402
30.29118,291.31117
30.29288,291.30867
30.29625,291.3065
30.30165,291.30542
30.30883,291.30362
30.31755,291.30377
30.32853,291.30645
30.33952,291.31238
30.34883,291.32117
30.35692,291.33122
30.36678,291.3394
30.37567,291.34945
30.38305,291.36208
30.38858,291.37532
30.39308,291.39003
30.39668,291.40498
30.40073,291.41908
30.40395,291.43203
30.40855,291.4431
30.4128,291.453
30.41808,291.46367
30.42412,291.47342
30.43082,291.48288
30.43853,291.49415
30.44925,291.50807
30.45575,291.52873
30.46013,291.55108
30.46298,291.57377
30.4653,291.59487
30.46648,291.61852
30.46648,291.64887
30.46318,291.67815
30.45852,291.70793
30.45333,291.73587
30.44705,291.75872
30.43897,291.77757
30.43043,291.7964
30.42448,291.81258
30.42028,291.82588
30.41792,291.83948
30.41267,291.85677
30.40173,291.87665
30.39285,291.89483
30.38512,291.91075
30.37985,291.92658
30.3737,291.94557
30.36965,291.96547
30.36363,291.98648
30.3566,292.00913
30.34847,292.02887
30.34332,292.04692
30.33958,292.06423
30.33567,292.07985
30.33057,292.09522
30.32575,292.10887
30.3207,292.1225
30.31557,292.1371
30.31165,292.14962
30.30928,292.16423
30.3069,292.17978
30.30577,292.19553
30.3047,292.2109
30.29425,292.23058
30.28092,292.25123
30.2688,292.2684
30.25855,292.28447
30.24798,292.30195
30.23603,292.31867
30.22362,292.3314
30.21278,292.34302
30.20245,292.35182
30.19513,292.35787
30.18977,292.36243
30.18515,292.36692
30.18237,292.3736
30.18018,292.3806
30.17997,292.38688
30.18167,292.39207
30.18522,292.4004
30.18713,292.40933
30.18845,292.42027
30.18873,292.43447
30.18545,292.45202
30.1792,292.4691
30.17155,292.48668
30.16228,292.50347
30.15028,292.52143
30.13777,292.53602
30.12413,292.5501
30.10853,292.56103
30.09197,292.5664
30.07528,292.56632
30.06025,292.56158
30.04735,292.55285
30.03937,292.53995
30.0363,292.52825
30.03592,292.51997
30.03933,292.51477
30.04312,292.51423
30.04678,292.51693
30.0506,292.5207
30.05475,292.52477
30.05967,292.53095
30.06408,292.53848
30.0669,292.5489
30.06753,292.56263
30.0657,292.57735
30.0633,292.59193
30.05883,292.60487
30.05382,292.61847
30.04795,292.6303
30.04287,292.6406
30.03677,292.65148
30.02922,292.66038
30.02138,292.66723
30.01203,292.67235
30.0016,292.67255
29.99347,292.66852
29.98737,292.6622
29.98528,292.65333
29.98655,292.64548
29.99145,292.63818
29.9982,292.63125
30.00603,292.62812
30.01613,292.63032
30.02625,292.63727
30.0356,292.6467
30.04118,292.65813
30.04557,292.67205
30.04975,292.68835
30.05515,292.7029
30.05883,292.71845
30.06027,292.73377
30.06085,292.74962
30.05853,292.76397
30.05393,292.77807
30.04998,292.78658
30.04912,292.7918
30.0503,292.79327
30.0524,292.7948
30.05453,292.79648
30.05525,292.79878
30.05748,292.80117
30.06033,292.80383
30.06563,292.80472
30.07282,292.80602
30.0805,292.81055
30.08842,292.81495
30.0965,292.82028
30.10377,292.82812
30.10998,292.83738
30.11348,292.84768
30.11507,292.85775
30.11727,292.8699
30.11905,292.88035
30.12065,292.89113
30.12375,292.90002
30.1268,292.90753
30.13015,292.9149
30.13455,292.92173
30.14128,292.92608
30.1485,292.93073
30.15445,292.93705
30.16042,292.94312
