29.97938,326.48907
29.9714,326.48638
29.96112,326.48513
29.95235,326.48312
29.94587,326.47787
29.94133,326.47135
29.93857,326.4638
29.93568,326.45452
29.93235,326.4465
29.92897,326.4383
29.9247,326.4287
29.92368,326.42055
29.92397,326.4134
29.92665,326.40867
29.93033,326.40588
29.93028,326.40483
29.92858,326.40465
29.92777,326.40602
29.92372,326.40685
29.91968,326.4067
29.9108,326.40548
29.90153,326.40198
29.89407,326.39463
29.88737,326.38678
29.88065,326.37848
29.87472,326.3696
29.8699,326.36185
29.86368,326.35265
29.86192,326.34395
29.8584,326.33357
29.85317,326.32365
29.84857,326.31228
29.84557,326.30105
29.84413,326.28985
29.84372,326.28003
29.8416,326.2725
29.83955,326.26642
29.83825,326.25842
29.83427,326.25128
29.83312,326.2429
29.83167,326.23503
29.82867,326.22912
29.82665,326.22305
29.82187,326.21783
29.81797,326.2126
29.80998,326.20663
29.80283,326.20092
29.79695,326.19753
29.79005,326.19365
29.78348,326.19115
29.77787,326.18888
29.77138,326.18673
29.763,326.18467
29.75512,326.17995
29.74982,326.1728
29.74315,326.16452
29.73803,326.1565
29.73543,326.1493
29.73278,326.14193
29.73122,326.13452
29.73208,326.126
29.73545,326.12035
29.73923,326.11615
29.74018,326.1149
29.73845,326.11595
29.73423,326.11965
29.72778,326.11747
29.72025,326.11192
29.71262,326.10657
29.70675,326.10123
29.69965,326.09698
29.69257,326.09285
29.6855,326.08772
29.679,326.08135
29.67077,326.07568
29.6643,326.06887
29.65723,326.06182
29.6523,326.05387
29.64817,326.04615
29.64417,326.03727
29.64135,326.02812
29.63828,326.02018
29.63755,326.00917
29.63975,325.99758
29.64093,325.98528
29.64425,325.97377
29.64857,325.96348
29.65267,325.95428
29.65467,325.94552
29.65528,325.93698
29.65888,325.92822
29.66177,325.92318
29.66333,325.91673
29.66227,325.9096
29.66238,325.90368
29.66142,325.89658
29.65892,325.89097
29.65613,325.88457
29.65293,325.87763
29.64955,325.8719
29.64488,325.8645
29.6398,325.85628
29.63462,325.8475
29.62968,325.83725
29.62588,325.82833
29.6237,325.82017
29.62277,325.81117
29.62198,325.80215
29.62128,325.79208
29.62488,325.7802
29.62903,325.77148
29.63532,325.76142
29.64192,325.75235
29.64818,325.74628
29.6529,325.7398
29.6553,325.73203
29.65987,325.72492
29.66378,325.72032
29.66638,325.7151
29.66558,325.71077
29.66378,325.70558
29.66205,325.69778
29.66122,325.6913
29.66007,325.68453
29.65815,325.67563
29.65657,325.66483
29.65495,325.65367
29.65185,325.64302
29.64958,325.63427
29.64725,325.62527
29.64428,325.6151
29.64282,325.60353
29.64188,325.59173
29.6396,325.57955
29.64,325.5657
29.64213,325.5543
29.64442,325.54435
29.64682,325.53642
29.6478,325.51893
29.6477,325.51137
29.6473,325.50413
29.64823,325.49678
29.64682,325.49013
29.64487,325.48257
29.64402,325.4733
29.64308,325.4644
29.64217,325.45317
29.64037,325.44202
29.64097,325.43027
29.64443,325.4175
29.64967,325.40313
29.65418,325.38998
29.65862,325.37807
29.6618,325.37115
29.66613,325.36432
29.67167,325.35875
29.67755,325.3531
29.68582,325.3508
29.6915,325.3495
29.695,325.34783
29.69757,325.34645
29.6979,325.34432
29.69885,325.34105
29.69925,325.33523
29.69893,325.32772
29.69522,325.31692
29.69483,325.30513
29.69432,325.29572
29.69395,325.2873
29.69215,325.27455
29.69115,325.26197
29.69093,325.24953
29.68985,325.23863
29.68752,325.22707
29.68682,325.21515
29.6873,325.20318
29.68723,325.19135
29.6894,325.17988
29.69163,325.16757
29.69383,325.1553
29.69743,325.14505
29.6998,325.13792
29.69928,325.1324
29.69605,325.12287
29.69352,325.11227
29.69035,325.10255
29.6878,325.09313
29.68528,325.08397
29.68268,325.07412
29.68137,325.0641
29.68058,325.05415
29.67838,325.04485
29.6768,325.03515
29.67347,325.02592
29.66958,325.01382
29.6642,325.00063
29.66062,324.98718
29.65785,324.97225
29.65787,324.95855
29.65778,324.9446
29.66068,324.93027
29.66295,324.9169
29.66535,324.90507
29.66625,324.8949
29.66423,324.88393
29.66155,324.87123
29.65812,324.8582
29.6556,324.84767
29.65133,324.83582
29.64603,324.82248
29.64285,324.80973
29.63867,324.79677
29.6346,324.78322
29.6304,324.7721
29.62488,324.76235
29.62018,324.75208
29.61457,324.74142
29.60683,324.7324
29.59838,324.72375
29.5907,324.71392
29.58457,324.70508
29.57717,324.69623
29.5704,324.68453
29.5665,324.67322
29.56393,324.66407
29.56032,324.6552
29.55828,324.64772
29.555,324.64175
29.55013,324.6349
29.54478,324.6265
29.53922,324.6184
29.53178,324.60912
29.52585,324.59782
29.5234,324.58832
29.52138,324.57885
29.52265,324.5709
29.5238,324.5646
29.52682,324.56117
29.52682,324.56118
29.52403,324.56042
29.5191,324.5587
29.51222,324.55627
29.50383,324.55247
29.49423,324.54735
29.48632,324.54112
29.47735,324.53292
29.47085,324.52447
29.4688,324.5171
29.46662,324.51173
29.46662,324.50635
29.465,324.49875
29.46218,324.48863
29.45995,324.47837
29.45797,324.46805
29.45983,324.45908
29.46197,324.44878
29.46495,324.43768
29.46703,324.4285
29.47157,324.42465
29.47793,324.4221
29.48397,324.42348
29.4857,324.4238
29.48595,324.4259
29.48345,324.42687
29.47857,324.42697
29.47212,324.425
29.46473,324.4211
29.45938,324.41592
29.45503,324.41032
29.45028,324.40367
29.44585,324.39452
29.44452,324.38425
29.44428,324.37523
29.44492,324.36758
29.44595,324.35885
29.44698,324.34985
29.44825,324.34045
29.45252,324.33313
29.45727,324.32495
29.46187,324.31713
29.46843,324.31115
29.473,324.30707
29.47723,324.30327
29.48265,324.30255
29.48668,324.30248
29.49027,324.3015
29.49242,324.29985
29.49387,324.29947
29.49383,324.29958
29.49263,324.29998
29.4881,324.29895
29.48325,324.29528
29.4787,324.29172
29.47537,324.28785
29.47223,324.28255
29.46893,324.2764
29.46653,324.26928
29.46405,324.26257
29.46313,324.25603
29.46427,324.24912
29.46332,324.24257
29.46243,324.23452
29.46117,324.2256
29.46135,324.21607
29.46217,324.20662
29.46178,324.19642
29.46208,324.18728
29.46258,324.17762
29.46485,324.16678
29.46902,324.1591
29.47347,324.15397
29.48157,324.1503
29.48725,324.14875
29.49125,324.14862
29.49185,324.15
29.48978,324.15045
29.48583,324.14843
29.48187,324.14597
29.47867,324.1407
29.47542,324.13283
29.47437,324.12463
29.47447,324.11788
29.4754,324.10983
29.47643,324.10115
29.47768,324.09278
29.47875,324.08257
29.48012,324.07077
29.48083,324.06035
29.48152,324.05015
29.48213,324.0408
29.48492,324.03007
29.48667,324.01883
29.48832,324.00935
29.4908,324.00173
29.49555,323.99577
29.50013,323.99057
29.50298,323.9851
29.50455,323.97747
29.50588,323.97132
29.5058,323.96598
29.50317,323.96092
29.49822,323.95387
29.49257,323.94325
29.48633,323.93212
29.48087,323.91917
29.47813,323.90573
29.47813,323.88997
29.47868,323.87632
29.47977,323.86448
29.48378,323.85413
29.48717,323.84428
29.4902,323.83318
29.49363,323.82305
29.49757,323.8138
29.50172,323.8045
29.50417,323.7962
29.50713,323.78777
29.51067,323.78187
29.51237,323.77632
29.51213,323.77092
29.51132,323.76652
29.51023,323.76288
29.50877,323.75747
29.50587,323.75082
29.50068,323.74257
29.49657,323.73335
29.49258,323.72522
29.48753,323.71608
29.48425,323.70605
29.483,323.69522
29.48157,323.6841
29.4805,323.67212
29.4804,323.65813
29.48357,323.64452
29.48915,323.6329
29.49453,323.62108
29.5004,323.61162
29.50558,323.60385
29.51038,323.59573
29.5149,323.58947
29.51787,323.58377
29.51923,323.57928
29.51983,323.57537
29.52008,323.57018
29.52062,323.56527
29.52008,323.56155
29.51927,323.55777
29.51598,323.55125
29.51345,323.54558
29.51078,323.53942
29.50823,323.53245
29.50593,323.5275
29.50347,323.52002
29.50205,323.51267
29.5011,323.50522
29.50158,323.4953
29.50217,323.48255
29.50313,323.46765
29.50678,323.45252
29.51228,323.4409
29.51773,323.4309
29.5228,323.42328
29.52827,323.41648
29.53367,323.41008
29.53842,323.40452
29.5438,323.40148
29.54865,323.39922
29.55258,323.39685
29.55518,323.397
29.55722,323.39552
29.55902,323.39205
29.55988,323.38848
29.56032,323.38232
29.56287,323.3777
29.56628,323.3722
29.56817,323.36473
29.57207,323.35693
29.5754,323.35015
29.57877,323.34232
29.58465,323.3337
29.59238,323.3256
29.60185,323.31682
29.61248,323.3088
29.62125,323.30413
29.62785,323.30073
29.63512,323.29713
29.64057,323.29415
29.64612,323.29108
29.65148,323.28642
29.6567,323.28172
29.66335,323.27617
29.67037,323.27082
29.67943,323.26522
29.68907,323.26292
29.69643,323.26253
29.70298,323.26213
29.70828,323.26302
29.71477,323.26347
29.72068,323.26193
29.72617,323.26067
29.73128,323.25773
29.73633,323.25292
29.74232,323.24792
29.74833,323.24177
29.7551,323.2347
29.76487,323.22627
29.77732,323.21943
29.78828,323.21467
29.79823,323.21207
29.80778,323.21185
29.81735,323.21323
29.82295,323.2139
29.82713,323.21478
29.8309,323.21472
29.83475,323.21633
29.83775,323.21592
29.8401,323.21533
29.8428,323.21288
29.84587,323.20987
29.8506,323.20737
29.85768,323.20292
29.86503,323.19982
29.87008,323.19733
29.8783,323.19503
29.88855,323.19417
29.89832,323.19458
29.90778,323.1968
29.91663,323.20078
29.92442,323.20685
29.93115,323.21567
29.93673,323.22625
29.94172,323.23632
29.9453,323.24762
29.94787,323.25708
29.95148,323.26572
29.95467,323.27573
29.95867,323.2855
29.961,323.29538
29.9613,323.30278
29.9593,323.30827
29.95568,323.31075
29.9515,323.3124
29.94713,323.31177
29.94537,323.30748
29.94667,323.30427
29.95082,323.3013
29.95575,323.29862
29.96228,323.29452
29.97033,323.2894
29.9837,323.2837
30.0008,323.28005
30.01895,323.27825
30.03607,323.27673
30.05293,323.27762
30.06947,323.2801
30.08317,323.28378
30.09732,323.28925
30.1113,323.29568
30.12567,323.30453
30.13722,323.31405
30.14425,323.3212
30.14877,323.32808
30.15115,323.33123
30.15447,323.33113
30.15615,323.3263
30.15755,323.31827
30.16075,323.31173
30.16407,323.30342
30.16825,323.29342
30.17487,323.28087
30.18393,323.27057
30.19425,323.25867
30.20555,323.2497
30.21883,323.24137
30.23342,323.23373
30.2464,323.22923
30.2565,323.22557
30.26363,323.22103
30.26982,323.21572
30.27903,323.21218
30.28705,323.21283
30.29358,323.21323
30.30007,323.21505
30.30642,323.21643
30.30977,323.21613
30.30995,323.21412
30.31092,323.21005
30.3136,323.203
30.31745,323.19425
30.32243,323.18225
30.33022,323.17033
30.34002,323.15765
30.35032,323.1498
30.35955,323.1431
30.3702,323.1367
30.38318,323.1307
30.39515,323.12912
30.40587,323.12795
30.41717,323.12765
30.42792,323.12838
30.43438,323.1298
30.44212,323.13067
30.45317,323.12885
30.46283,323.12657
30.4731,323.12528
30.4835,323.12878
30.49152,323.13422
30.49547,323.13673
30.49605,323.13835
30.49475,323.13788
30.49158,323.13342
