26.5982,293.4356
26.60762,293.43497
26.61578,293.4337
26.62357,293.4326
26.63278,293.43077
26.64302,293.4272
26.65572,293.42298
26.67117,293.41932
26.68828,293.41743
26.70623,293.41723
26.72433,293.41885
26.74068,293.4224
26.75725,293.42482
26.77412,293.42738
26.78998,293.43
26.8034,293.43225
26.81542,293.43445
26.82708,293.43697
26.8377,293.44043
26.84717,293.44218
26.85607,293.44193
26.8622,293.44038
26.86583,293.43752
26.8686,293.43032
26.87152,293.42083
26.87775,293.40997
26.88608,293.39855
26.89902,293.38608
26.91423,293.37358
26.93063,293.36517
26.94772,293.3603
26.96258,293.35765
26.97523,293.35722
26.98712,293.35707
26.9998,293.3568
27.0121,293.3557
27.02333,293.35348
27.03395,293.34987
27.04555,293.34698
27.05668,293.34228
27.06877,293.3365
27.08168,293.3308
27.09508,293.32422
27.10895,293.31995
27.11997,293.31598
27.12978,293.31118
27.13807,293.3053
27.14483,293.2975
27.15098,293.28715
27.15695,293.27483
27.1639,293.25863
27.17322,293.24342
27.18328,293.23068
27.19292,293.21972
27.2021,293.20728
27.21228,293.19532
27.22288,293.18222
27.23262,293.16858
27.2436,293.1558
27.25688,293.14302
27.27165,293.13153
27.28688,293.12193
27.3024,293.11233
27.31878,293.10353
27.3341,293.09672
27.34827,293.09187
27.35992,293.08673
27.37095,293.08152
27.38248,293.07532
27.39305,293.06958
27.39955,293.06495
27.40267,293.05867
27.40592,293.04925
27.40907,293.0376
27.41352,293.02628
27.4194,293.01208
27.42632,292.99622
27.43518,292.97937
27.44648,292.96405
27.45975,292.95158
27.47335,292.93998
27.48477,292.92692
27.49703,292.91458
27.51035,292.90212
27.5225,292.89285
27.5325,292.88427
27.54032,292.87357
27.549,292.8627
27.55875,292.8518
27.56805,292.8408
27.57803,292.83208
27.58522,292.82432
27.59202,292.81397
27.60037,292.80335
27.61055,292.79457
27.61977,292.78697
27.6287,292.7778
27.63713,292.76795
27.64532,292.75673
27.65223,292.74607
27.6593,292.73662
27.66675,292.72323
27.67488,292.70975
27.68252,292.6951
27.69123,292.68037
27.70097,292.66365
27.71202,292.64753
27.72387,292.63185
27.73763,292.61515
27.75315,292.6006
27.76985,292.58675
27.78543,292.57278
27.80075,292.56122
27.8146,292.55058
27.82663,292.5406
27.8376,292.53205
27.84678,292.52335
27.85517,292.51447
27.86267,292.50455
27.86862,292.49355
27.8728,292.48138
27.87462,292.46968
27.87687,292.4571
27.8803,292.44205
27.8864,292.4258
27.89335,292.40912
27.90155,292.39425
27.90918,292.38143
27.91487,292.36957
27.91933,292.3572
27.9235,292.3461
27.92968,292.33498
27.93582,292.32405
27.94345,292.31228
27.95215,292.30268
27.9597,292.29275
27.96698,292.28273
27.97588,292.27462
27.98445,292.26993
27.99027,292.26715
27.99332,292.2657
27.99438,292.26472
27.99362,292.263
27.99168,292.25822
27.98855,292.25113
27.98538,292.24185
27.98345,292.23208
27.98193,292.22167
27.9826,292.20945
27.98508,292.19722
27.98812,292.18727
27.99092,292.17688
27.99247,292.16655
27.99448,292.1584
27.99525,292.14903
27.99683,292.13867
27.99802,292.12802
28.00067,292.1184
28.0047,292.1113
28.01037,292.1065
28.01678,292.10222
28.02302,292.09827
28.02917,292.09428
28.03415,292.09193
28.03773,292.0885
28.04017,292.0848
28.04018,292.08115
28.03758,292.07823
28.03373,292.07448
28.02812,292.07063
28.02027,292.06707
28.01248,292.06275
28.00617,292.05745
28.00288,292.04985
28.00058,292.04008
27.9977,292.02988
27.99547,292.02032
27.99392,292.0121
27.9923,292.00217
27.99048,291.99228
27.9889,291.98252
27.98847,291.9724
27.99048,291.96238
27.99463,291.95555
27.99997,291.94782
28.00555,291.93923
28.01268,291.93172
28.01872,291.92695
28.02415,291.92388
28.0292,291.92208
28.03373,291.91908
28.037,291.91657
28.03997,291.91508
28.04318,291.91437
28.04542,291.91463
28.04473,291.91497
28.04357,291.91398
28.04113,291.91317
28.0398,291.91078
28.03787,291.90778
28.03567,291.90302
28.0327,291.89545
28.03032,291.88803
28.029,291.87975
28.02948,291.87223
28.02848,291.86413
28.02685,291.8552
28.02558,291.8462
28.02588,291.8367
28.02753,291.82755
28.03213,291.81843
28.03722,291.8093
28.04383,291.80215
28.0502,291.7964
28.0549,291.79418
28.05643,291.79355
28.0557,291.79278
28.0525,291.7918
28.04813,291.78888
28.0426,291.7848
28.03782,291.77957
28.03342,291.77457
28.03067,291.76868
28.02733,291.7628
28.02572,291.75638
28.02513,291.75073
28.02357,291.74582
28.02088,291.74052
28.01708,291.73518
28.01263,291.73005
28.00838,291.72517
28.00483,291.71948
28.00205,291.71323
28.00052,291.70602
28.00233,291.69963
28.00637,291.69355
28.01118,291.68872
28.01655,291.68657
28.0198,291.68665
28.02035,291.68615
28.0189,291.6856
28.01672,291.68497
28.01575,291.68395
28.01443,291.68323
28.01195,291.68375
28.00988,291.68425
28.00742,291.6848
28.00527,291.68625
28.00288,291.68842
27.9994,291.69028
27.99487,291.69143
27.98937,291.69065
27.98242,291.69002
27.97543,291.68798
27.96927,291.68518
27.96578,291.68175
27.96402,291.67918
27.96227,291.6777
27.96083,291.67583
27.96047,291.67365
27.96102,291.67272
27.96135,291.67408
27.96003,291.6763
27.95702,291.67752
27.9529,291.6793
27.9492,291.68187
27.94523,291.68492
27.94093,291.68833
27.93707,291.69213
27.93117,291.69588
27.92442,291.69902
27.91773,291.70162
27.91107,291.70317
27.90377,291.70355
27.89562,291.70337
27.8879,291.70143
27.88017,291.70132
27.87257,291.70073
27.86715,291.69978
27.86167,291.69913
27.85703,291.69785
27.852,291.69723
27.84825,291.69533
27.84617,291.69385
27.84462,291.69403
27.84363,291.69595
27.84092,291.69897
27.8373,291.7037
27.83213,291.70877
27.82572,291.71318
27.81785,291.71727
27.8112,291.71917
27.80423,291.72263
27.79742,291.72445
27.79215,291.72727
27.78615,291.73188
27.7807,291.73822
27.77348,291.74503
27.76478,291.74895
27.75575,291.75192
27.74762,291.75488
27.73958,291.75733
27.73182,291.75937
27.7259,291.76213
27.72013,291.76548
27.71432,291.77008
27.70973,291.77648
27.70553,291.78397
27.70002,291.79277
27.69208,291.80025
27.68262,291.80755
27.67263,291.8148
27.66148,291.82045
27.65053,291.82457
27.64102,291.82788
27.6314,291.83155
27.62222,291.8358
27.6132,291.84233
27.60395,291.84985
27.59342,291.8566
27.58162,291.86417
27.57078,291.87328
27.55978,291.87863
27.54933,291.88423
27.53968,291.89158
27.53243,291.90232
27.52657,291.91628
27.51943,291.93227
27.51247,291.95005
27.50477,291.96982
27.49435,291.98812
27.48365,292.00708
27.47422,292.02507
27.46633,292.04122
27.45717,292.05532
27.44655,292.06827
27.43833,292.07927
27.43252,292.08978
27.42815,292.09945
27.42522,292.10733
27.42292,292.11572
27.42132,292.12398
27.42068,292.13327
27.4211,292.14333
27.42237,292.15422
27.4236,292.16658
27.42555,292.1791
27.42817,292.18953
27.43113,292.20025
27.43533,292.20938
27.44007,292.21917
27.44588,292.22973
27.45387,292.23987
27.46417,292.25003
27.47405,292.26052
27.48372,292.27127
27.49243,292.28377
27.49912,292.29337
27.50362,292.30187
27.50888,292.30858
27.51523,292.31362
27.5236,292.3163
27.53252,292.31835
27.54233,292.32038
27.55248,292.32058
27.56358,292.3184
27.5775,292.31508
27.59248,292.31017
27.60867,292.30525
27.62708,292.30028
27.6468,292.29728
27.66672,292.29733
27.68523,292.2977
27.70503,292.29842
27.72445,292.30148
27.74073,292.3057
27.75568,292.31138
27.76878,292.31663
27.77848,292.32118
27.78645,292.32583
27.79387,292.32897
27.80243,292.3315
27.81015,292.33165
27.81845,292.32865
27.82702,292.32313
27.83567,292.31663
27.84523,292.31042
27.85533,292.3039
27.86672,292.2976
27.87955,292.29333
27.8919,292.2875
27.90323,292.28048
27.91553,292.2747
27.92862,292.26937
27.94288,292.26303
27.95782,292.259
27.97203,292.25798
27.9841,292.25807
27.99625,292.25793
28.0099,292.25707
28.0249,292.25695
28.04047,292.25837
28.05712,292.25977
28.07327,292.26278
28.08872,292.2673
28.10167,292.2732
28.11107,292.27893
28.1189,292.2846
28.12395,292.28987
28.1274,292.2923
28.13077,292.29262
28.13422,292.29228
28.13778,292.29173
28.14303,292.28932
28.14812,292.28582
28.15577,292.28212
28.16287,292.27912
28.17067,292.27517
28.17818,292.27215
28.18553,292.26858
28.19393,292.26475
28.20392,292.26148
28.21587,292.25962
28.22897,292.2602
28.24415,292.26303
28.25872,292.26892
28.27285,292.27678
28.28523,292.2861
28.29532,292.29633
28.30162,292.30638
28.30628,292.31497
28.3092,292.3214
28.31157,292.32687
28.31452,292.33093
28.31758,292.33357
28.32178,292.33515
28.32685,292.33628
28.33063,292.33732
28.33228,292.3376
28.3347,292.33678
28.33758,292.33403
28.34225,292.33057
28.34687,292.32563
28.3537,292.32122
28.36132,292.31703
28.37178,292.31393
28.3853,292.31232
28.40147,292.31395
28.41762,292.31825
28.43343,292.32483
28.44968,292.3337
28.463,292.34532
28.47375,292.35767
28.48103,292.36987
28.48385,292.3814
28.48412,292.39135
28.47575,292.40113
28.46508,292.40808
28.45425,292.40987
28.44585,292.40595
28.43957,292.39748
28.43547,292.38762
28.43618,292.37685
28.43865,292.36655
28.44353,292.35485
28.45003,292.3451
28.45762,292.33703
28.46762,292.32865
28.47933,292.31885
28.49255,292.31212
28.50762,292.30948
28.5233,292.31138
28.5385,292.31545
28.55188,292.322
28.56318,292.3328
28.57392,292.34473
28.58048,292.35727
28.58358,292.37013
28.5849,292.38173
28.58292,292.39278
28.57898,292.4027
28.5737,292.40922
28.56777,292.41297
28.56203,292.41373
28.55918,292.41338
28.55738,292.41245
28.5535,292.4092
28.55052,292.40542
28.54835,292.39948
28.54665,292.39127
28.5482,292.38202
28.55153,292.3712
28.55727,292.36227
28.56678,292.3553
28.57693,292.35045
28.5886,292.34592
28.60297,292.34405
28.61817,292.34537
28.63367,292.34875
28.64713,292.35513
28.6578,292.36472
28.66728,292.3779
28.67443,292.39235
28.67855,292.40675
28.68013,292.41987
28.68015,292.43175
28.67677,292.4419
28.67107,292.44968
28.66413,292.45452
28.65958,292.45507
28.65488,292.4529
28.64968,292.44798
28.64477,292.43863
28.64172,292.42673
28.64143,292.41368
28.64325,292.39968
28.64867,292.3848
28.6599,292.37142
28.675,292.36247
28.69373,292.35692
28.71392,292.35592
28.73568,292.35805
28.75825,292.36497
28.7794,292.37685
28.79473,292.39328
28.80413,292.41092
28.80897,292.42927
28.8108,292.44748
28.80852,292.46363
28.80303,292.4782
28.7963,292.49105
28.7884,292.49997
28.78005,292.50517
28.77173,292.50677
28.76483,292.50347
28.75937,292.49608
28.75605,292.48638
28.75452,292.47365
28.75788,292.45908
28.76557,292.44405
28.77568,292.43123
28.78877,292.42122
28.80365,292.41518
28.82295,292.41475
28.84123,292.41802
28.85832,292.42648
28.87198,292.43622
28.8839,292.44672
28.89422,292.45683
28.90293,292.46745
28.90965,292.47915
28.9139,292.49153
