41.71518,322.35085
41.70435,322.34433
41.69272,322.33895
41.67828,322.33278
41.66347,322.32675
41.64555,322.31905
41.6214,322.30435
41.59728,322.2873
41.5739,322.26745
41.55385,322.24427
41.53638,322.2197
41.52185,322.19513
41.50965,322.17077
41.49882,322.14657
41.48977,322.12427
41.48193,322.10307
41.47382,322.08213
41.46615,322.06228
41.45855,322.04315
41.4495,322.02522
41.4409,322.0072
41.43213,321.98875
41.42257,321.96798
41.4128,321.94497
41.40328,321.91963
41.39548,321.89227
41.39082,321.86357
41.38907,321.8355
41.38808,321.80762
41.38792,321.77982
41.38833,321.75203
41.38958,321.72448
41.39143,321.69658
41.39435,321.6691
41.3986,321.6445
41.40217,321.61952
41.4047,321.59438
41.40675,321.56623
41.40875,321.53808
41.40908,321.51018
41.40832,321.48173
41.40733,321.45307
41.40602,321.42532
41.40507,321.39825
41.40532,321.36933
41.40763,321.3393
41.4103,321.30958
41.4143,321.27997
41.42038,321.25085
41.42825,321.22512
41.437,321.2017
41.44658,321.18173
41.45575,321.1646
41.46215,321.14932
41.4676,321.13557
41.47202,321.12185
41.4763,321.10765
41.47955,321.09303
41.48277,321.0764
41.48628,321.0581
41.48952,321.03818
41.49238,321.0168
41.49498,320.99312
41.49923,320.96922
41.50542,320.9456
41.51363,320.92447
41.5228,320.90368
41.53398,320.88368
41.54707,320.86657
41.56153,320.85382
41.57365,320.84425
41.58542,320.83408
41.59585,320.82615
41.60662,320.82037
41.6171,320.81765
41.62402,320.81313
41.63055,320.80667
41.6378,320.80018
41.64643,320.79227
41.65753,320.78515
41.6695,320.77742
41.68205,320.76808
41.69447,320.75688
41.70732,320.74488
41.72217,320.73423
41.73767,320.7259
41.75537,320.71818
41.77355,320.71295
41.79163,320.71143
41.80893,320.71143
41.8259,320.70945
41.84368,320.70415
41.86295,320.69977
41.88215,320.69573
41.9026,320.69102
41.92278,320.68592
41.94337,320.67945
41.9639,320.6749
41.98498,320.66948
42.00532,320.66583
42.02662,320.66222
42.04912,320.65935
42.07223,320.65843
42.09557,320.66082
42.1129,320.66473
42.12422,320.66842
42.13453,320.67037
42.14357,320.66932
42.15487,320.66592
42.16677,320.66138
42.17987,320.65908
42.19315,320.65658
42.20638,320.65285
42.21983,320.6493
42.23348,320.64752
42.24703,320.64587
42.26075,320.64453
42.27455,320.64362
42.28908,320.64343
42.30488,320.64372
42.32137,320.64612
42.33732,320.64912
42.35368,320.65278
42.36987,320.6569
42.38512,320.66142
42.39988,320.66935
42.41307,320.67855
42.42535,320.68718
42.43662,320.69413
42.44702,320.7012
42.45643,320.70708
42.46543,320.71112
42.47498,320.71525
42.48433,320.7174
42.49285,320.71847
42.50158,320.7186
42.51117,320.71983
42.52245,320.72212
42.535,320.72538
42.5481,320.72943
42.56108,320.73343
42.57567,320.74007
42.59097,320.74832
42.60677,320.7597
42.62297,320.77298
42.63767,320.78972
42.64975,320.80522
42.66162,320.8199
42.67293,320.83337
42.68495,320.84747
42.69737,320.86235
42.71142,320.87602
42.72718,320.89028
42.7435,320.9056
42.75965,320.92308
42.77612,320.94083
42.79248,320.96077
42.80843,320.9789
42.82457,320.99652
42.84183,321.01655
42.8581,321.03803
42.8725,321.06187
42.8845,321.08737
42.89348,321.11495
42.8994,321.1425
42.90298,321.17042
42.90372,321.19748
42.90023,321.222
42.89567,321.24322
42.89037,321.26128
42.8856,321.27727
42.88217,321.28997
42.88028,321.30242
42.87873,321.31458
42.87898,321.32743
42.88068,321.34267
42.88232,321.36152
42.88375,321.38528
42.88292,321.41245
42.87977,321.44245
42.8727,321.47277
42.8641,321.5041
42.85385,321.53677
42.84162,321.56783
42.82822,321.59718
42.8124,321.6259
42.79678,321.65245
42.78027,321.6782
42.76317,321.70248
42.74667,321.72673
42.73057,321.75295
42.71468,321.78105
42.69787,321.80942
42.68003,321.83868
42.66087,321.8675
42.64213,321.89735
42.62387,321.92923
42.60527,321.96237
42.58535,321.99823
42.56445,322.03693
42.54248,322.0754
42.52128,322.11275
42.499,322.14895
42.475,322.18417
42.45037,322.2177
42.4252,322.2478
42.40135,322.27708
42.378,322.3041
42.3551,322.3301
42.33305,322.35392
42.31258,322.37422
42.29563,322.39465
42.28258,322.41577
42.27202,322.43835
42.26318,322.46263
42.25602,322.49123
42.24903,322.52273
42.24117,322.55805
42.23143,322.59532
42.21997,322.63337
42.2052,322.6677
42.18955,322.69802
42.17202,322.72495
42.15408,322.74728
42.13743,322.76512
42.12288,322.78157
42.11143,322.79638
42.10218,322.80887
42.09502,322.8195
42.08935,322.83142
42.08518,322.84438
42.08177,322.85852
42.08107,322.87342
42.08187,322.89092
42.08403,322.90878
42.0885,322.93132
42.09463,322.95607
42.1005,322.98478
42.1053,323.01442
42.10913,323.04543
42.10977,323.0778
42.10935,323.10485
42.10863,323.12707
42.10793,323.14843
42.10897,323.16778
42.11213,323.1857
42.11673,323.20205
42.12497,323.21638
42.13683,323.23235
42.14973,323.25162
42.16302,323.27495
42.17677,323.30152
42.19035,323.3294
42.20278,323.35862
42.21353,323.38833
42.22398,323.41797
42.23238,323.44895
42.23985,323.47687
42.24697,323.50162
42.25455,323.52285
42.26177,323.54187
42.26893,323.5593
42.2762,323.57638
42.28468,323.59268
42.29173,323.60735
42.29753,323.62118
42.30392,323.6335
42.31213,323.64497
42.32267,323.65457
42.33567,323.66597
42.34853,323.67907
42.36192,323.69292
42.3763,323.70692
42.39102,323.72258
42.40623,323.74018
42.41998,323.76102
42.43308,323.78363
42.44505,323.80658
42.45643,323.82985
42.4672,323.85053
42.47687,323.86913
42.48715,323.88755
42.49708,323.9065
42.50673,323.92475
42.51693,323.9398
42.52923,323.95472
42.54288,323.97235
42.55668,323.98965
42.57082,324.00658
42.58613,324.02283
42.601,324.0407
42.61572,324.05978
42.6292,324.07952
42.64248,324.09842
42.65582,324.11697
42.66897,324.13493
42.68148,324.15183
42.69405,324.16722
42.70617,324.18345
42.71938,324.1979
42.73543,324.2103
42.753,324.22455
42.7701,324.24122
42.78787,324.25852
42.80667,324.27603
42.82605,324.29307
42.84495,324.31375
42.86147,324.33658
42.87525,324.36153
42.88718,324.38448
42.8976,324.40672
42.907,324.42618
42.91287,324.44632
42.91645,324.46513
42.91963,324.48137
42.92083,324.49663
42.92087,324.51085
42.92018,324.52072
42.92107,324.52748
42.92435,324.53242
42.9291,324.53717
42.93515,324.54175
42.94182,324.54845
42.94842,324.55852
42.9551,324.57132
42.96072,324.58402
42.96358,324.59395
42.96453,324.59853
42.96633,324.60267
42.96818,324.60613
42.97198,324.60927
42.97333,324.61603
42.97185,324.62298
42.96903,324.62895
42.96395,324.632
42.95893,324.63273
42.95438,324.63095
42.95047,324.6261
42.94885,324.62018
42.95075,324.61375
42.95528,324.6055
42.96307,324.59972
42.97107,324.59867
42.97977,324.60367
42.98787,324.61268
42.9952,324.62417
43.00113,324.63753
43.00568,324.65163
43.00682,324.66488
43.00673,324.6759
43.00715,324.68323
43.00922,324.68812
43.01573,324.69325
43.02745,324.70517
43.03895,324.72012
43.04927,324.7346
43.05852,324.74698
43.06983,324.75425
43.0847,324.763
43.10035,324.77577
43.11798,324.79253
43.13372,324.81432
43.14862,324.84105
43.16062,324.86945
43.17097,324.89808
43.18023,324.92692
43.18743,324.95633
43.19208,324.98537
43.19205,325.01263
43.18607,325.03763
43.17695,325.05755
43.16828,325.07323
43.1592,325.08692
43.15013,325.09725
43.1427,325.10677
43.1391,325.11368
43.13752,325.12075
43.13675,325.12868
43.1352,325.13812
43.13375,325.14732
43.13398,325.157
43.13462,325.16905
43.13373,325.18665
43.13155,325.2043
43.12895,325.22175
43.1249,325.23948
43.12028,325.25705
43.11463,325.27322
43.1095,325.2861
43.10448,325.29827
43.09865,325.30948
43.09175,325.31968
43.08537,325.32737
43.07988,325.33037
43.07612,325.33045
43.07363,325.33003
43.07392,325.32995
43.0771,325.33102
43.08232,325.33572
43.08892,325.34285
43.09665,325.3532
43.10252,325.36715
43.10523,325.38402
43.10577,325.40173
43.10218,325.41847
43.09535,325.433
43.08525,325.44383
43.07565,325.44912
43.06677,325.45147
43.05897,325.44883
43.05392,325.44328
43.0515,325.43655
43.051,325.42988
43.05323,325.42405
43.05757,325.42063
43.06387,325.4192
43.07022,325.42228
43.07563,325.42667
43.08158,325.432
43.08705,325.43733
43.09163,325.44358
43.09487,325.45072
43.0982,325.45687
43.0997,325.46432
43.099,325.46955
43.0974,325.47267
43.09403,325.47395
43.08925,325.47628
43.08557,325.47642
43.08305,325.47333
43.08222,325.46732
43.0841,325.46105
43.08865,325.4541
43.097,325.44743
43.10723,325.44557
43.11952,325.44893
43.13137,325.45858
43.13977,325.47353
43.14418,325.49115
43.14478,325.51095
43.14232,325.5285
43.13825,325.54333
43.13472,325.5545
43.13083,325.56335
43.12742,325.56678
43.1262,325.56963
43.12825,325.57135
43.13412,325.57405
43.14333,325.57992
43.15392,325.59078
43.16475,325.60747
43.17503,325.62668
43.18395,325.64988
43.18935,325.67615
43.19103,325.70125
43.19168,325.72448
43.192,325.74508
43.19173,325.764
43.19155,325.78347
43.19092,325.80283
43.18978,325.82292
43.18818,325.84277
43.18792,325.86125
43.18887,325.87828
43.19137,325.89413
43.19477,325.91023
43.19885,325.92693
43.2034,325.9437
43.20912,325.96252
43.21543,325.98507
43.22138,326.00987
43.2267,326.03692
43.22952,326.06537
43.22907,326.09468
43.22707,326.12225
43.22517,326.1466
43.22427,326.16848
43.22457,326.18957
43.22642,326.20922
43.22878,326.23092
43.2296,326.2541
43.23288,326.27448
43.23713,326.2964
43.24058,326.31968
43.24133,326.34783
43.24168,326.37532
43.24338,326.402
43.24458,326.4307
43.24402,326.4602
43.2425,326.48608
43.24105,326.50965
43.23997,326.53377
43.23585,326.55587
43.2318,326.57682
43.2275,326.59478
43.22158,326.61572
43.21598,326.63307
43.21013,326.64788
43.20592,326.6589
43.2013,326.67025
43.19767,326.68312
43.1954,326.69633
43.1944,326.71177
43.19342,326.72845
43.19275,326.74372
43.19163,326.75793
43.18923,326.77368
43.18692,326.7907
43.1834,326.8056
43.17963,326.81858
43.17565,326.83413
43.17063,326.85012
43.16478,326.8665
43.15807,326.88218
43.15117,326.89753
43.14357,326.91133
43.13387,326.92162
43.12358,326.92825
43.11302,326.93453
43.1039,326.93497
43.09863,326.93178
43.09503,326.929
43.09277,326.93177
43.09112,326.93608
43.09072,326.9429
43.0895,326.95378
43.08595,326.96605
43.08192,326.97685
43.07868,326.98598
43.07825,326.9907
43.07903,326.99517
43.07957,327.00088
43.07823,327.00823
43.07593,327.01447
43.07307,327.02072
43.07033,327.0282
43.06717,327.03665
43.06473,327.04097
43.06522,327.041
43.06788,327.04385
43.06988,327.04882
43.0736,327.05443
43.07812,327.06372
43.0818,327.07465
43.0839,327.08878
43.08323,327.10415
43.0816,327.11795
43.07937,327.13128
43.07713,327.14242
43.07458,327.15442
43.07105,327.16477
43.0681,327.173
