36.88377,291.62395
36.88777,291.61538
36.89315,291.60468
36.90032,291.59317
36.91063,291.58377
36.92392,291.57482
36.9391,291.56998
36.9543,291.56875
36.96765,291.5704
36.98042,291.5738
36.99197,291.57878
36.99965,291.58475
37.00462,291.59088
37.00637,291.59583
37.0071,291.59918
37.00582,291.6008
37.0052,291.59907
37.00525,291.59425
37.0065,291.58877
37.00953,291.5825
37.01463,291.57465
37.02248,291.56442
37.03198,291.55562
37.0439,291.54838
37.05725,291.54213
37.07123,291.53763
37.08615,291.5367
37.10078,291.5381
37.1145,291.54217
37.12873,291.54915
37.14298,291.55877
37.15725,291.57152
37.16947,291.58835
37.18043,291.60777
37.18982,291.62832
37.1954,291.64838
37.1981,291.6688
37.19648,291.68707
37.19787,291.70105
37.20113,291.71398
37.20452,291.72598
37.20997,291.73715
37.21708,291.75013
37.22233,291.76392
37.22535,291.7787
37.22487,291.794
37.22108,291.80788
37.21705,291.82132
37.21428,291.83405
37.21292,291.84658
37.21187,291.85772
37.21127,291.8704
37.21053,291.88528
37.2089,291.90102
37.204,291.91702
37.19817,291.92955
37.19195,291.93872
37.18568,291.94908
37.17902,291.95793
37.17452,291.96512
37.17148,291.97305
37.16862,291.9792
37.16598,291.98517
37.16335,291.99097
37.15947,291.99703
37.15602,292.00183
37.15298,292.00518
37.15273,292.0077
37.15287,292.01045
37.15465,292.01172
37.1594,292.01363
37.16507,292.0171
37.16885,292.02258
37.17173,292.02827
37.17377,292.03313
37.17482,292.04012
37.17598,292.04832
37.17617,292.05745
37.17755,292.0677
37.1795,292.07673
37.18235,292.08522
37.18382,292.09397
37.18312,292.10145
37.18003,292.10682
37.17635,292.10807
37.17425,292.10642
37.17413,292.1033
37.17428,292.09913
37.1772,292.09472
37.18125,292.092
37.18602,292.0911
37.19305,292.0895
37.19965,292.09147
37.20723,292.09608
37.21432,292.102
37.21973,292.10918
37.22333,292.11737
37.22555,292.12627
37.22755,292.13548
37.22878,292.1449
37.2314,292.15662
37.23165,292.16807
37.23048,292.1767
37.23008,292.18535
37.2304,292.19287
37.23128,292.20002
37.23205,292.20645
37.23257,292.2102
37.23512,292.21178
37.23973,292.2121
37.2454,292.21385
37.25492,292.21563
37.26707,292.21843
37.28147,292.22627
37.29702,292.2385
37.31027,292.2562
37.32325,292.27792
37.33457,292.30235
37.34107,292.3246
37.34625,292.34695
37.3496,292.36732
37.35263,292.3823
37.35758,292.39407
37.364,292.4067
37.37187,292.41898
37.3804,292.4333
37.38875,292.44967
37.39738,292.46723
37.40435,292.48528
37.41128,292.50357
37.41722,292.52208
37.42235,292.53938
37.42642,292.55468
37.42942,292.56608
37.4345,292.57713
37.44212,292.58902
37.4519,292.59758
37.46622,292.60252
37.48257,292.60643
37.50088,292.61173
37.51882,292.61755
37.53713,292.62518
37.55502,292.63337
37.57218,292.6403
37.58957,292.64648
37.6075,292.65263
37.6251,292.66038
37.64183,292.67135
37.65653,292.68738
37.67028,292.70782
37.68187,292.73357
37.6894,292.76353
37.69382,292.79358
37.6931,292.82385
37.69013,292.85733
37.68713,292.88618
37.68427,292.91083
37.68282,292.9327
37.68258,292.95215
37.68272,292.97198
37.68423,292.99425
37.68597,293.01942
37.6905,293.04453
37.69797,293.07153
37.70613,293.10317
37.71163,293.138
37.71388,293.17503
37.71497,293.21447
37.7131,293.25485
37.70855,293.29622
37.70308,293.33668
37.69703,293.3767
37.68927,293.4162
37.68033,293.45412
37.669,293.48963
37.65542,293.52332
37.64177,293.55342
37.62852,293.57967
37.6162,293.60317
37.60498,293.62387
37.5953,293.64187
37.58888,293.65762
37.58497,293.67498
37.58333,293.69387
37.58408,293.71382
37.58538,293.737
37.58715,293.76425
37.58672,293.79428
37.58008,293.82657
37.57063,293.85857
37.56027,293.88805
37.54917,293.91615
37.53778,293.94215
37.52753,293.9648
37.51832,293.98488
37.5097,294.00373
37.50133,294.02047
37.49488,294.03768
37.48643,294.05443
37.47678,294.06852
37.46772,294.08003
37.4585,294.08957
37.45182,294.09573
37.44605,294.10053
37.44025,294.10357
37.43555,294.10542
37.43148,294.10678
37.42882,294.1093
37.4274,294.11295
37.42572,294.11778
37.42542,294.12193
37.4267,294.12713
37.4272,294.13438
37.42805,294.1413
37.42708,294.14868
37.42425,294.15532
37.4205,294.16103
37.41597,294.16733
37.40943,294.17332
37.40372,294.17953
37.39803,294.18608
37.39323,294.19223
37.3852,294.19725
37.37712,294.19978
37.36915,294.20078
37.36082,294.19928
37.35223,294.19488
37.34428,294.188
37.33738,294.18183
37.33052,294.17593
37.32293,294.16977
37.31527,294.16422
37.3073,294.15883
37.298,294.15492
37.28693,294.15053
37.27637,294.14362
37.2667,294.13612
37.2588,294.12687
37.25332,294.11747
37.2506,294.1065
37.24943,294.09665
37.24988,294.08852
37.25133,294.08055
37.2533,294.07517
37.25578,294.0705
37.2585,294.06638
37.26177,294.06228
37.26545,294.05965
37.27078,294.05652
37.27633,294.05338
37.2838,294.05233
37.29248,294.05273
37.30308,294.05588
37.3137,294.06347
37.32458,294.07435
37.33237,294.08852
37.3378,294.1048
37.34017,294.12208
37.33988,294.13917
37.33782,294.15643
37.3351,294.17317
37.33148,294.18873
37.32983,294.20263
37.33107,294.2153
37.33438,294.22855
37.33847,294.24335
37.34298,294.26123
37.34752,294.28073
37.34757,294.3002
37.34485,294.3193
37.34377,294.33572
37.34295,294.35183
37.34175,294.3697
37.34182,294.38753
37.34322,294.40495
37.34643,294.42493
37.34902,294.4467
37.35477,294.47133
37.35995,294.50093
37.36233,294.5334
37.36238,294.56653
37.35895,294.5967
37.35335,294.62523
37.34458,294.64937
37.33192,294.66387
37.32047,294.6714
37.31105,294.6734
37.30455,294.67178
37.302,294.6669
37.30248,294.65912
37.30493,294.64762
37.311,294.63785
37.31875,294.62792
37.33038,294.62012
37.34345,294.61305
37.35415,294.61085
37.36192,294.6105
37.37128,294.61042
37.38127,294.6034
37.39045,294.5963
37.39962,294.59167
37.40875,294.5884
37.41568,294.58618
37.42117,294.5816
37.42903,294.58167
37.44063,294.59415
37.44993,294.60872
37.45702,294.62272
37.46295,294.63332
37.47,294.64335
37.47932,294.65445
37.4904,294.6682
37.50073,294.68522
37.51095,294.70453
37.51963,294.72538
37.52672,294.74888
37.53233,294.773
37.53598,294.80095
37.53932,294.83148
37.54168,294.86223
37.54162,294.89173
37.54365,294.92712
37.54333,294.96532
37.54518,294.99915
37.54333,295.02468
37.53925,295.04797
37.53557,295.06935
37.52918,295.08715
37.52317,295.1043
37.51693,295.1244
37.51115,295.14713
37.50273,295.16575
37.4922,295.17767
37.48332,295.18532
37.47912,295.18937
37.4744,295.19435
37.47312,295.19627
37.4736,295.19868
37.47558,295.20438
37.47723,295.21148
37.47972,295.21993
37.48258,295.23025
37.48478,295.24153
37.4846,295.25243
37.48312,295.26263
37.47863,295.27263
37.47145,295.282
37.46282,295.28875
37.4545,295.29307
37.44522,295.29553
37.43432,295.29483
37.42265,295.29045
37.4093,295.28403
37.39725,295.27363
37.38452,295.26167
37.37228,295.24678
37.361,295.22995
37.34902,295.21205
37.33823,295.19328
37.32955,295.17383
37.3218,295.15465
37.31495,295.13538
37.30977,295.11582
37.30787,295.09525
37.30868,295.07522
37.3121,295.05538
37.31725,295.03713
37.32365,295.02032
37.33162,295.00525
37.34063,294.99373
37.34955,294.98505
37.35913,294.97668
37.36658,294.96868
37.37413,294.96025
37.3825,294.95233
37.39085,294.94547
37.40015,294.93867
37.41,294.9328
37.4223,294.92858
37.43635,294.92597
37.45018,294.92342
37.46523,294.92175
37.48007,294.92147
37.49652,294.92298
37.51367,294.92642
37.53152,294.93167
37.5487,294.9386
37.5661,294.94838
37.58247,294.96122
37.59972,294.97732
37.61827,294.99675
37.63932,295.01987
37.66312,295.04882
37.6879,295.09077
37.71027,295.1433
37.72907,295.20348
37.74467,295.26927
37.75373,295.33802
37.75707,295.40672
37.75837,295.47088
37.75993,295.5312
37.76282,295.58848
37.76557,295.64318
37.76712,295.69373
37.77258,295.74143
37.78043,295.78812
37.7931,295.83218
37.81082,295.87598
37.8327,295.92083
37.85798,295.96957
37.8857,296.02393
37.91508,296.08233
37.94493,296.14433
37.97308,296.21085
37.99855,296.27928
38.02472,296.34868
38.04815,296.42075
38.07008,296.48795
38.0912,296.55107
38.11265,296.60712
38.13437,296.66045
38.15675,296.71532
38.1767,296.76505
38.19297,296.80898
38.20538,296.8502
38.21343,296.8913
38.22047,296.92927
38.2231,296.9638
38.21902,296.99472
38.2142,297.0207
38.20697,297.04037
38.19817,297.0538
38.18803,297.06135
38.178,297.06473
38.16907,297.06597
38.16142,297.06622
38.15323,297.06655
38.14528,297.06498
38.13657,297.06648
38.12767,297.06973
38.11698,297.07513
38.1042,297.08227
38.089,297.08948
38.0706,297.09637
38.04952,297.10143
38.0263,297.10437
38.00102,297.10438
37.97458,297.09835
37.94718,297.08872
37.92267,297.08128
37.89817,297.07365
37.87052,297.06538
37.83882,297.05383
37.80357,297.03802
37.7667,297.01677
37.71902,296.99773
37.66838,296.97513
37.61837,296.94892
37.56857,296.91857
37.52222,296.8849
37.47933,296.84945
37.4395,296.81565
37.39898,296.788
37.35817,296.76077
37.31498,296.73523
37.27072,296.70597
37.22787,296.67735
37.18582,296.65158
37.14285,296.62842
37.0991,296.60585
37.0557,296.58357
37.01152,296.56332
36.96618,296.5474
36.91883,296.5307
36.87002,296.51335
36.82048,296.49348
36.76665,296.47702
36.71125,296.4605
36.65547,296.44477
36.60025,296.42877
36.54563,296.41457
36.49088,296.4022
36.43605,296.3911
36.3809,296.3832
36.32522,296.37992
36.2699,296.37815
36.2166,296.37638
36.16257,296.37662
36.10825,296.37733
36.05598,296.38098
36.00465,296.38985
35.95372,296.40065
35.90262,296.41117
35.85297,296.41983
35.80567,296.4301
35.76115,296.44392
35.71713,296.4609
35.67615,296.48085
35.63412,296.50333
35.59308,296.52643
35.55305,296.55148
35.51252,296.57718
35.47288,296.60312
35.43517,296.6292
35.40027,296.6554
35.36607,296.68122
35.33533,296.70797
35.30573,296.73503
35.27777,296.76337
35.25203,296.79088
35.227,296.81915
35.2051,296.84825
35.18547,296.8772
35.16855,296.90783
35.15537,296.9386
35.14462,296.97195
35.13387,297.00867
35.12647,297.04695
35.1241,297.08893
35.12142,297.13707
35.11975,297.1869
35.11985,297.23732
35.12097,297.2896
35.12318,297.34088
35.12747,297.39067
35.1346,297.4402
35.1435,297.4893
35.15372,297.53697
35.16333,297.5834
35.17332,297.63097
35.18303,297.67637
35.19398,297.72033
35.20553,297.7611
35.21697,297.80073
35.22932,297.83862
35.24192,297.8752
35.25308,297.90943
35.26493,297.94395
35.27518,297.97725
35.28493,298.00988
35.2952,298.04237
35.30357,298.07555
35.30985,298.106
35.31575,298.132
35.32118,298.15322
35.32752,298.17652
35.33307,298.20057
35.3376,298.2232
35.34282,298.2432
35.34875,298.26302
35.35457,298.28268
35.36095,298.30287
