36.54267,292.45522
36.57347,292.47395
36.60583,292.48785
36.64042,292.49948
36.6771,292.51192
36.71645,292.52633
36.75428,292.53952
36.79195,292.54905
36.82818,292.5543
36.86387,292.55935
36.89885,292.56458
36.93208,292.57155
36.96177,292.57998
36.98935,292.58888
37.01727,292.59863
37.0443,292.61048
37.07038,292.62315
37.09415,292.63733
37.11408,292.64902
37.13598,292.6618
37.157,292.67598
37.17608,292.68827
37.1942,292.70072
37.21448,292.71353
37.23553,292.729
37.25802,292.7473
37.27978,292.7685
37.29398,292.79313
37.30515,292.81703
37.31738,292.84012
37.32787,292.86273
37.33837,292.88567
37.34822,292.90702
37.35637,292.92828
37.36392,292.94808
37.37035,292.96682
37.3761,292.98385
37.38018,293.00058
37.38408,293.01513
37.39023,293.0276
37.39773,293.04175
37.4042,293.05767
37.4076,293.07292
37.41073,293.08798
37.41495,293.10217
37.42045,293.11332
37.42425,293.12123
37.42538,293.12893
37.42753,293.13753
37.42982,293.14688
37.43017,293.15655
37.4275,293.1641
37.42428,293.17197
37.42197,293.18043
37.4168,293.18757
37.40827,293.19392
37.39707,293.1994
37.38463,293.20527
37.379,293.21722
37.38232,293.23803
37.38883,293.26245
37.39688,293.29135
37.40373,293.32272
37.41262,293.35522
37.42767,293.39083
37.44395,293.42958
37.45708,293.46957
37.47088,293.51222
37.48202,293.5578
37.48673,293.6012
37.49295,293.64588
37.5004,293.6923
37.50955,293.7391
37.51767,293.78693
37.52632,293.83625
37.53107,293.88367
37.5355,293.93055
37.54052,293.98155
37.54465,294.03315
37.54717,294.08545
37.54815,294.1375
37.54605,294.1879
37.54172,294.23752
37.53878,294.28637
37.53522,294.33397
37.5321,294.37942
37.53012,294.42312
37.52805,294.4649
37.52588,294.50493
37.52492,294.54065
37.5241,294.57505
37.52558,294.60943
37.52593,294.645
37.52783,294.68377
37.53077,294.72632
37.53177,294.76887
37.53252,294.81355
37.5339,294.85853
37.5356,294.90622
37.53512,294.95573
37.53283,295.00578
37.52915,295.05285
37.52268,295.1
37.51403,295.14423
37.50205,295.1815
37.49188,295.21147
37.48167,295.23863
37.47265,295.26338
37.46103,295.28823
37.45317,295.31188
37.44673,295.33468
37.44568,295.35457
37.44748,295.38053
37.45043,295.411
37.45633,295.4445
37.46022,295.4839
37.46572,295.52598
37.47252,295.57023
37.47667,295.61015
37.47942,295.64673
37.4825,295.68503
37.48543,295.71777
37.48978,295.7485
37.49458,295.78045
37.49728,295.81455
37.50372,295.84587
37.51533,295.8767
37.52717,295.90808
37.53887,295.93813
37.55223,295.96778
37.56523,295.99167
37.58132,296.01308
37.59767,296.0371
37.6121,296.06215
37.6271,296.08678
37.63892,296.11528
37.64827,296.14613
37.65827,296.17538
37.66967,296.20505
37.6809,296.23542
37.69033,296.26692
37.69857,296.30022
37.70652,296.33382
37.7159,296.36493
37.72685,296.39562
37.73667,296.42802
37.74567,296.45855
37.7568,296.49203
37.76722,296.5296
37.77713,296.56407
37.78733,296.59848
37.79812,296.63172
37.80793,296.66698
37.8194,296.70088
37.83297,296.73443
37.84548,296.76762
37.85753,296.80048
37.86762,296.8347
37.87703,296.86868
37.88247,296.90277
37.88757,296.93393
37.89117,296.9665
37.89393,296.99172
37.89563,297.01753
37.89425,297.04098
37.89242,297.06492
37.89018,297.08527
37.88998,297.10102
37.8906,297.11553
37.89037,297.13042
37.89103,297.14272
37.89155,297.15492
37.89285,297.16583
37.89433,297.17738
37.89853,297.19138
37.90272,297.2055
37.90808,297.21772
37.91438,297.2306
37.92005,297.24483
37.92265,297.26008
37.9201,297.2747
37.91573,297.28828
37.91203,297.29963
37.9068,297.30573
37.90263,297.31077
37.89855,297.3144
37.89653,297.31568
37.89555,297.31622
37.89643,297.31678
37.89778,297.31912
37.89652,297.32325
37.89448,297.32833
37.89328,297.33278
37.89077,297.3367
37.88875,297.33937
37.88662,297.34107
37.88352,297.34283
37.88013,297.34512
37.87588,297.34682
37.87128,297.34955
37.8654,297.35203
37.85873,297.35443
37.85247,297.35482
37.84352,297.3552
37.83248,297.35333
37.81997,297.34888
37.80877,297.34308
37.79833,297.33593
37.78885,297.32793
37.78067,297.31797
37.7721,297.30777
37.76843,297.29713
37.76862,297.28785
37.7694,297.28203
37.77088,297.27812
37.77143,297.27768
37.76955,297.27867
37.76597,297.2809
37.76498,297.27965
37.76343,297.27905
37.75995,297.27807
37.75677,297.27508
37.75267,297.27083
37.75043,297.26595
37.75345,297.26033
37.75813,297.25793
37.7643,297.25747
37.77022,297.25987
37.77378,297.26563
37.77837,297.2701
37.78217,297.27563
37.78785,297.28063
37.79425,297.28732
37.80027,297.29512
37.80545,297.3024
37.80898,297.31298
37.81365,297.3228
37.81665,297.3322
37.82015,297.33993
37.82443,297.34752
37.83,297.35295
37.83385,297.35782
37.83867,297.3617
37.84315,297.36233
37.85058,297.3606
37.85825,297.36263
37.86615,297.36643
37.8739,297.37075
37.88193,297.37548
37.88892,297.38057
37.89482,297.38768
37.90018,297.39733
37.90575,297.40397
37.91017,297.40938
37.9137,297.414
37.91838,297.4181
37.9244,297.42147
37.9306,297.42555
37.93815,297.4295
37.94737,297.43332
37.95675,297.4417
37.9649,297.45293
37.972,297.46515
37.97805,297.4773
37.98242,297.4882
37.98598,297.49765
37.9907,297.50682
37.99337,297.51413
37.99543,297.51932
38.00063,297.52177
38.00748,297.52458
38.01762,297.52732
38.0269,297.53323
38.02938,297.54032
38.02958,297.54702
38.03082,297.55265
38.03577,297.55748
38.04217,297.56327
38.0472,297.57108
38.05395,297.57758
38.06037,297.582
38.06648,297.58143
38.07312,297.57698
38.07765,297.57228
38.08235,297.56635
38.08978,297.56103
38.09597,297.55372
38.10197,297.54913
38.10683,297.54442
38.11162,297.5379
38.11645,297.52837
38.12227,297.51983
38.12945,297.51313
38.13743,297.50483
38.14527,297.49902
38.15455,297.49272
38.16305,297.48787
38.17185,297.48087
38.1818,297.47492
38.192,297.46883
38.20252,297.4605
38.21362,297.4502
38.22942,297.441
38.2458,297.43338
38.26365,297.42698
38.28297,297.4221
38.304,297.419
38.32258,297.4192
38.3403,297.41795
38.35757,297.4152
38.37523,297.4117
38.39057,297.40498
38.406,297.39865
38.42053,297.39287
38.43318,297.38752
38.44585,297.38363
38.46038,297.38033
38.47288,297.37462
38.48515,297.36843
38.5008,297.365
38.52127,297.36178
38.54118,297.35603
38.5621,297.35327
38.58035,297.35343
38.59675,297.3588
38.60943,297.3597
38.62075,297.36185
38.63125,297.36637
38.6396,297.36825
38.64628,297.37242
38.64837,297.37807
38.64578,297.38447
38.63812,297.3933
38.63018,297.39503
38.62592,297.393
38.62468,297.3893
38.62657,297.38582
38.63372,297.38243
38.64388,297.37977
38.65738,297.37573
38.67435,297.3707
38.69353,297.3689
38.71482,297.37307
38.73548,297.38007
38.75435,297.38967
38.774,297.4023
38.79162,297.4156
38.80823,297.43052
38.82205,297.44388
38.83467,297.45822
38.84488,297.47065
38.85348,297.47733
38.86253,297.48155
38.87233,297.48545
38.8816,297.48807
38.8895,297.4912
38.89812,297.48967
38.90922,297.48363
38.92343,297.47713
38.94055,297.47138
38.95903,297.46582
38.97633,297.46527
38.98782,297.46862
38.9957,297.47703
39.00603,297.48687
39.0176,297.4953
39.02807,297.50403
39.03625,297.51133
39.04415,297.51802
39.05233,297.52787
39.06072,297.53603
39.06757,297.5365
39.0722,297.53325
39.07787,297.52828
39.08007,297.52472
39.08433,297.52122
39.0922,297.51927
39.10237,297.52087
39.1125,297.52352
39.11673,297.51877
39.11697,297.51202
39.118,297.50853
39.12087,297.50878
39.12278,297.51012
39.12672,297.5101
39.1346,297.50973
39.14392,297.5112
39.15337,297.51183
39.16405,297.51575
39.17532,297.52158
39.18525,297.52917
39.19353,297.53787
39.2015,297.54425
39.21168,297.54737
39.22387,297.5482
39.23937,297.54807
39.2606,297.55318
39.2829,297.57245
39.30755,297.60647
39.33202,297.64632
39.34645,297.69388
39.35208,297.73993
39.35147,297.78222
39.3473,297.8196
39.34208,297.85258
39.33712,297.87858
39.3324,297.89878
39.32795,297.91595
39.32518,297.92935
39.32543,297.93888
39.32703,297.94527
39.33187,297.94925
39.3395,297.95273
39.3499,297.95718
39.3632,297.96775
39.37838,297.97805
39.39518,297.99308
39.41472,298.01163
39.43247,298.04315
39.4494,298.07518
39.46735,298.10877
39.4837,298.14677
39.49993,298.18618
39.51683,298.22997
39.52787,298.277
39.53602,298.32457
39.54158,298.37167
39.54312,298.41672
39.54055,298.45922
39.5364,298.49777
39.53172,298.53407
39.52593,298.56375
39.51993,298.58777
39.51482,298.60887
39.51218,298.62713
39.51143,298.64307
39.51383,298.65917
39.51867,298.67525
39.5263,298.69382
39.53358,298.71585
39.53875,298.74102
39.54047,298.76752
39.54103,298.79532
39.53808,298.81785
39.53078,298.83475
39.52455,298.84792
39.51935,298.86032
39.5139,298.87
39.51145,298.87983
39.5087,298.88815
39.5038,298.89352
39.50187,298.89807
39.5009,298.90142
39.49723,298.90435
39.48813,298.90545
39.48242,298.90052
39.47773,298.89003
39.47747,298.87575
39.47965,298.86112
39.4797,298.85283
39.47728,298.84607
39.47287,298.83917
39.46608,298.83778
39.45982,298.8409
39.45447,298.84475
39.4515,298.8449
39.44962,298.84582
39.44937,298.849
39.44993,298.85527
39.4504,298.86115
39.4528,298.86868
39.45748,298.87932
39.46085,298.89275
39.46377,298.90625
39.46463,298.92092
39.46302,298.93558
39.46068,298.95045
39.45788,298.96523
39.45397,298.9793
39.45078,298.99135
39.4492,299.00473
39.44925,299.01765
39.4506,299.02855
39.4547,299.04132
39.45958,299.05727
39.4628,299.07675
39.464,299.09568
39.4632,299.11485
39.46338,299.13367
39.46508,299.15468
39.46818,299.17718
39.47173,299.20003
39.47657,299.22278
39.47908,299.24505
39.4834,299.27068
39.48805,299.29618
39.49408,299.32187
39.50283,299.34872
39.5108,299.37855
39.51978,299.40773
39.52778,299.43715
39.53497,299.46962
39.53953,299.50052
39.54373,299.52887
39.54927,299.55207
39.55567,299.57588
39.55992,299.59755
39.56328,299.61678
39.56918,299.63562
39.57633,299.65435
39.58432,299.67708
39.59002,299.70162
39.59547,299.72603
39.60087,299.75238
39.60555,299.78185
39.61075,299.81432
39.61762,299.84955
39.62515,299.8872
39.63308,299.92537
39.64228,299.96543
39.6518,300.0119
39.65827,300.06365
39.6632,300.11808
39.66512,300.17433
39.66417,300.2333
39.66092,300.293
39.654,300.35345
39.64373,300.41422
39.6303,300.47213
39.61575,300.52397
39.60167,300.56942
39.59168,300.61435
39.57965,300.65882
39.56855,300.6998
39.5593,300.73942
39.55118,300.77853
39.54307,300.8162
39.53892,300.85323
39.53575,300.88985
39.53155,300.92542
39.53037,300.9631
39.53037,301.00635
39.528,301.0519
39.52407,301.09987
39.51842,301.14503
39.51232,301.19027
39.50655,301.2332
39.50275,301.27397
39.49898,301.31513
39.49675,301.35622
39.49575,301.39712
39.49753,301.43793
