23.94418,293.03188
23.94918,293.01313
23.95433,292.99393
23.95983,292.97353
23.96668,292.95295
23.97227,292.93345
23.97698,292.91453
23.98217,292.89537
23.98757,292.87493
23.99363,292.85598
24.00098,292.83927
24.00865,292.82388
24.0153,292.80827
24.02175,292.79283
24.02873,292.7794
24.03465,292.76753
24.04043,292.75533
24.04697,292.74228
24.05342,292.72967
24.05943,292.7185
24.065,292.70893
24.06857,292.70087
24.07158,292.69072
24.07405,292.67873
24.07383,292.6652
24.07235,292.6523
24.07118,292.63643
24.07138,292.61803
24.07303,292.5993
24.07658,292.58137
24.08147,292.56432
24.08653,292.54675
24.09182,292.52852
24.09917,292.51038
24.10802,292.4925
24.11675,292.47545
24.12512,292.46027
24.13407,292.44515
24.1446,292.43013
24.1556,292.41612
24.1666,292.40335
24.17642,292.3928
24.18645,292.38267
24.19325,292.37517
24.19688,292.36795
24.19755,292.36072
24.19713,292.35175
24.19485,292.34118
24.1928,292.32825
24.19127,292.31503
24.18952,292.30053
24.18945,292.2846
24.19117,292.26795
24.1925,292.2511
24.19283,292.23522
24.19235,292.21947
24.192,292.20347
24.19147,292.1879
24.19112,292.17177
24.19128,292.15455
24.19252,292.1367
24.19647,292.11937
24.20298,292.10168
24.21158,292.08512
24.22215,292.07022
24.23237,292.05855
24.24027,292.04873
24.24823,292.0411
24.2529,292.03735
24.25518,292.03585
24.25487,292.03458
24.25237,292.03135
24.24915,292.02692
24.2457,292.02063
24.24265,292.01203
24.24075,292.00015
24.24015,291.98718
24.24067,291.97547
24.24032,291.96545
24.23812,291.95723
24.23535,291.95025
24.23152,291.94337
24.22488,291.93603
24.21618,291.92603
24.20888,291.91375
24.20348,291.89827
24.20105,291.88027
24.2016,291.86162
24.20455,291.84298
24.20913,291.82477
24.21478,291.80798
24.22037,291.79262
24.22505,291.77822
24.22955,291.76418
24.23322,291.75093
24.2359,291.73815
24.23588,291.7263
24.23413,291.71312
24.23335,291.69997
24.23387,291.6852
24.23498,291.66942
24.23687,291.65232
24.23977,291.6349
24.24405,291.61673
24.2475,291.59907
24.25168,291.58165
24.25527,291.56528
24.25912,291.5498
24.26358,291.53397
24.26853,291.5159
24.2746,291.49565
24.2807,291.47553
24.28653,291.45378
24.29365,291.43285
24.30062,291.41153
24.31025,291.3916
24.32135,291.37192
24.33222,291.35315
24.34343,291.33575
24.355,291.31985
24.36638,291.30293
24.37773,291.28548
24.38833,291.2682
24.3992,291.25123
24.4114,291.23532
24.42663,291.221
24.43888,291.20912
24.4494,291.19635
24.46037,291.18328
24.47197,291.16928
24.48343,291.15422
24.4944,291.13943
24.50527,291.12575
24.5143,291.11222
24.52353,291.09892
24.53327,291.08603
24.54332,291.07203
24.55458,291.05773
24.56617,291.04467
24.57775,291.03162
24.59022,291.01825
24.60157,291.00547
24.61248,290.99372
24.62338,290.98157
24.63417,290.96945
24.64487,290.95747
24.65515,290.94583
24.66567,290.93508
24.67652,290.92523
24.68753,290.9165
24.69783,290.91017
24.70713,290.90445
24.71528,290.89848
24.72165,290.89198
24.72837,290.885
24.73587,290.87663
24.74377,290.8673
24.75168,290.85768
24.76122,290.84893
24.77008,290.84022
24.7803,290.83238
24.79125,290.82418
24.80208,290.81588
24.81453,290.80832
24.82878,290.8022
24.84152,290.79805
24.8525,290.79583
24.86197,290.79625
24.86905,290.79485
24.87638,290.7923
24.88348,290.79033
24.89095,290.78845
24.89848,290.7871
24.90613,290.78533
24.91465,290.78568
24.92393,290.78632
24.93357,290.788
24.94192,290.78942
24.94918,290.79142
24.95563,290.79357
24.9631,290.79483
24.96988,290.79505
24.97777,290.79385
24.9871,290.791
24.99662,290.788
25.00718,290.7844
25.02073,290.77923
25.03937,290.77338
25.06003,290.76653
25.08322,290.75985
25.1064,290.75365
25.12565,290.74673
25.13983,290.73873
25.14912,290.72825
25.15327,290.71507
25.15418,290.70042
25.15198,290.68515
25.14795,290.66957
25.143,290.65415
25.1367,290.63942
25.12932,290.62523
25.12192,290.6107
25.11443,290.5979
25.10617,290.58627
25.09737,290.57548
25.08865,290.565
25.08003,290.55548
25.07188,290.5448
25.06345,290.53485
25.05613,290.52367
25.04998,290.51287
25.04558,290.50265
25.04148,290.49272
25.03808,290.48288
25.03523,290.47238
25.03477,290.46372
25.03405,290.45493
25.03233,290.44548
25.03072,290.43597
25.03062,290.42748
25.03107,290.41802
25.03085,290.40797
25.03133,290.39787
25.03187,290.38712
25.0312,290.37683
25.03073,290.36663
25.03165,290.35603
25.0329,290.34468
25.03377,290.33347
25.03413,290.32368
25.03515,290.3137
25.03613,290.3034
25.0374,290.29378
25.03887,290.2839
25.04087,290.27377
25.04368,290.26523
25.04595,290.25577
25.04762,290.24532
25.0496,290.2348
25.05115,290.22458
25.05302,290.21405
25.05588,290.20363
25.05812,290.19423
25.06028,290.18473
25.0621,290.17552
25.06393,290.16688
25.06513,290.15877
25.06742,290.15035
25.07045,290.14127
25.07335,290.1313
25.07595,290.12098
25.07943,290.11063
25.08255,290.10097
25.08638,290.09097
25.09097,290.08282
25.09598,290.07503
25.1008,290.06548
25.1052,290.0554
25.11055,290.04567
25.11692,290.0368
25.1224,290.02808
25.12813,290.02062
25.13358,290.01403
25.13773,290.0087
25.13975,290.00198
25.14108,289.99597
25.14138,289.99057
25.14128,289.98397
25.14107,289.97708
25.14102,289.97005
25.1419,289.96278
25.1425,289.95465
25.14398,289.94608
25.14537,289.93715
25.14877,289.9288
25.1538,289.92053
25.15787,289.91408
25.16067,289.90852
25.16355,289.90262
25.16468,289.89578
25.16608,289.88703
25.16883,289.87738
25.17168,289.86795
25.1766,289.85813
25.18288,289.84915
25.1894,289.84073
25.19513,289.8344
25.20092,289.83013
25.20528,289.82688
25.20842,289.82358
25.21128,289.8206
25.21367,289.8179
25.21612,289.81572
25.21893,289.81443
25.22093,289.814
25.22188,289.81287
25.22402,289.81112
25.22643,289.80925
25.22882,289.80742
25.23132,289.80598
25.2345,289.80472
25.23705,289.80435
25.23862,289.80317
25.23967,289.80052
25.24208,289.79835
25.24498,289.7953
25.24908,289.79247
25.2538,289.78965
25.25855,289.78752
25.2634,289.78547
25.26832,289.7842
25.27305,289.78415
25.27708,289.7846
25.28142,289.78515
25.2864,289.78517
25.29102,289.78475
25.29545,289.78505
25.30075,289.78487
25.30668,289.78293
25.31328,289.78137
25.31977,289.78252
25.32642,289.7837
25.33383,289.78567
25.3424,289.78852
25.35075,289.79312
25.35955,289.79827
25.36805,289.80362
25.37652,289.8094
25.38322,289.8166
25.38878,289.82473
25.39295,289.83352
25.39728,289.84198
25.40213,289.85012
25.40575,289.85803
25.40797,289.8655
25.41013,289.87078
25.41088,289.87415
25.41218,289.8748
25.41658,289.87417
25.4193,289.8712
25.42518,289.86652
25.43302,289.86262
25.44292,289.8602
25.4538,289.85875
25.46552,289.85933
25.47707,289.86118
25.48888,289.86433
25.50073,289.86895
25.51155,289.87357
25.52255,289.87922
25.53287,289.88508
25.543,289.89125
25.55362,289.89968
25.5643,289.9074
25.57452,289.91632
25.58408,289.92598
25.59283,289.93588
25.60038,289.94747
25.60762,289.9581
25.6101,289.969
25.61077,289.97842
25.6117,289.98537
25.61242,289.98928
25.6134,289.99267
25.61463,289.99545
25.61803,289.99748
25.62327,289.99868
25.6299,289.99995
25.63718,290.00103
25.64383,290.00243
25.65078,290.00347
25.65823,290.00467
25.66575,290.0064
25.67443,290.0099
25.68282,290.01432
25.69358,290.01983
25.70527,290.02693
25.71807,290.03565
25.73092,290.04652
25.74445,290.05832
25.7584,290.07145
25.77113,290.08638
25.78123,290.10372
25.79,290.12107
25.79765,290.13827
25.80417,290.15525
25.80885,290.17148
25.81235,290.18742
25.81422,290.20073
25.81548,290.21405
25.81538,290.22648
25.81463,290.23677
25.81363,290.24467
25.81375,290.25035
25.81483,290.25415
25.8192,290.2583
25.82558,290.2639
25.83335,290.27123
25.84335,290.2799
25.85537,290.29032
25.86857,290.3017
25.88263,290.31443
25.89582,290.32763
25.91007,290.34278
25.9236,290.3598
25.93353,290.37872
25.94137,290.4005
25.94822,290.42192
25.95315,290.44245
25.95655,290.46383
25.95988,290.48422
25.96228,290.50292
25.96392,290.51973
25.96532,290.53575
25.9663,290.55113
25.96807,290.56323
25.9702,290.57305
25.97458,290.58063
25.98067,290.58795
25.98893,290.59383
25.99937,290.60047
26.01033,290.60738
26.02187,290.6149
26.0341,290.6241
26.04735,290.63408
26.05953,290.6457
26.07145,290.65822
26.08522,290.66992
26.09972,290.68187
26.11377,290.69427
26.12767,290.7067
26.14068,290.71962
26.1538,290.73183
26.16565,290.74522
26.17725,290.75835
26.18762,290.7728
26.19633,290.78725
26.20245,290.79803
26.2096,290.80947
26.2177,290.82057
26.22522,290.8315
26.23438,290.84083
26.24437,290.84702
26.2569,290.85323
26.27078,290.8594
26.28642,290.86457
26.3042,290.86917
26.3238,290.87385
26.34373,290.87792
26.36475,290.88215
26.38638,290.88795
26.41017,290.89437
26.43457,290.90322
26.45842,290.91298
26.48095,290.9242
26.50307,290.9361
26.52215,290.9496
26.53545,290.96738
26.54773,290.98392
26.56062,290.99387
26.57432,291.0005
26.58645,291.00228
26.59862,291.00288
26.61097,291.00183
26.62358,291.00113
26.63875,290.99848
26.65578,290.99558
26.67478,290.9929
26.69443,290.9907
26.71465,290.98952
26.73458,290.98987
26.75397,290.99128
26.77183,290.99137
26.78978,290.99387
26.80718,290.99925
26.82325,291.0048
26.83897,291.01147
26.85387,291.01987
26.864,291.02862
26.87152,291.03682
26.87935,291.04122
26.88617,291.04273
26.894,291.04315
26.90352,291.04203
26.91345,291.04068
26.92462,291.04055
26.93478,291.04175
26.94327,291.04343
26.94995,291.04473
26.95547,291.046
26.96153,291.04535
26.96923,291.04307
26.97807,291.04157
26.98715,291.04033
26.99762,291.03867
27.01148,291.0376
27.02702,291.0377
27.043,291.0392
27.05923,291.04363
27.07332,291.05097
27.08482,291.05977
27.09318,291.06798
27.10102,291.0772
27.1093,291.08625
27.11545,291.0952
27.12073,291.10252
27.12372,291.10945
27.12507,291.11553
27.1268,291.11937
27.12952,291.12103
27.13367,291.12238
27.13813,291.1221
27.14263,291.1214
27.14738,291.11933
27.15355,291.11627
27.16012,291.11325
27.16775,291.11015
27.17695,291.10795
27.18652,291.10653
27.19703,291.10523
27.20768,291.10498
27.21783,291.10663
27.2275,291.10862
27.23503,291.1121
27.24215,291.11617
27.24818,291.11797
27.25395,291.1182
27.25988,291.11707
27.26478,291.11498
27.26943,291.11192
27.2747,291.1094
27.28027,291.10747
27.2857,291.10605
27.29067,291.10618
27.2953,291.10523
27.30115,291.10482
27.306,291.10463
27.30977,291.10593
27.31295,291.10825
27.31598,291.1109
27.31795,291.11097
27.31945,291.11028
27.3216,291.10837
27.32392,291.1059
27.32865,291.1034
27.33517,291.10122
27.34267,291.0994
27.35047,291.09895
27.35648,291.10013
27.36242,291.10432
27.36767,291.10863
27.37163,291.11245
