39.65353,303.99222
39.65827,303.995
39.6603,303.996
39.66107,303.98633
39.66232,303.98175
39.66372,303.98268
39.66452,303.98578
39.66372,303.99212
39.6626,304.00005
39.66052,304.0088
39.65765,304.01773
39.6534,304.02925
39.6468,304.0404
39.6395,304.04925
39.63137,304.05995
39.62157,304.07282
39.61005,304.08543
39.59553,304.09648
39.58192,304.10335
39.56843,304.10738
39.555,304.108
39.54215,304.10343
39.53083,304.09623
39.52188,304.08727
39.51553,304.07672
39.51135,304.0658
39.50918,304.0558
39.50932,304.04645
39.5118,304.0399
39.5157,304.03615
39.52115,304.035
39.5265,304.03658
39.53273,304.04153
39.5396,304.04943
39.54485,304.0593
39.54785,304.06912
39.54888,304.07605
39.54882,304.08112
39.54903,304.08622
39.54952,304.09302
39.55065,304.10358
39.55165,304.1155
39.5526,304.1273
39.55277,304.13892
39.55225,304.1515
39.55115,304.16617
39.55143,304.18085
39.55342,304.19507
39.55643,304.21088
39.55937,304.22815
39.56168,304.2476
39.56182,304.2703
39.56197,304.29367
39.55955,304.31845
39.5547,304.34385
39.55035,304.3667
39.5453,304.38988
39.53858,304.41183
39.53288,304.4317
39.52943,304.4484
39.52587,304.46455
39.5233,304.48023
39.5259,304.49118
39.53105,304.50483
39.53863,304.52227
39.54895,304.5445
39.56158,304.56898
39.57298,304.59675
39.58098,304.62427
39.58658,304.65083
39.59358,304.6779
39.59882,304.70918
39.60147,304.74328
39.60392,304.7796
39.60712,304.81827
39.60887,304.85997
39.60907,304.90238
39.60625,304.94502
39.60427,304.98687
39.60352,305.02757
39.6036,305.06878
39.60453,305.1091
39.59858,305.1484
39.59333,305.18412
39.5886,305.21585
39.58643,305.24817
39.58523,305.28115
39.58643,305.31457
39.58663,305.3485
39.58722,305.38225
39.58728,305.41557
39.58658,305.44828
39.58542,305.48065
39.58468,305.51233
39.58652,305.54228
39.58883,305.57137
39.5901,305.60025
39.59033,305.62842
39.59093,305.65583
39.59208,305.6808
39.59322,305.70555
39.59323,305.72907
39.59182,305.75305
39.58965,305.7778
39.58763,305.79768
39.58743,305.81525
39.58832,305.83148
39.59135,305.84842
39.59733,305.86562
39.60478,305.88363
39.6125,305.90277
39.62073,305.92378
39.62985,305.94352
39.6416,305.96417
39.65445,305.98653
39.67068,306.01143
39.6871,306.04025
39.70268,306.0716
39.71763,306.10397
39.73355,306.13773
39.74912,306.17098
39.76477,306.20442
39.78025,306.23827
39.79463,306.2678
39.8093,306.29473
39.82662,306.32618
39.84625,306.36115
39.86607,306.40157
39.88533,306.44157
39.90548,306.48198
39.9268,306.52267
39.94848,306.56322
39.97182,306.60435
39.99345,306.64865
40.01127,306.69727
40.02983,306.74208
40.04868,306.7842
40.066,306.82748
40.08122,306.87005
40.09665,306.91203
40.11265,306.95315
40.12717,306.99583
40.13922,307.0386
40.14888,307.07932
40.15662,307.11595
40.16405,307.14988
40.17157,307.18155
40.18008,307.20933
40.18907,307.23467
40.19737,307.25997
40.20767,307.28502
40.21753,307.30973
40.22837,307.33525
40.23845,307.36147
40.24902,307.38672
40.26042,307.41233
40.2711,307.43988
40.28043,307.4709
40.28953,307.5027
40.29917,307.53498
40.3083,307.56785
40.3166,307.59922
40.32503,307.63257
40.33142,307.66532
40.33635,307.69857
40.34077,307.73117
40.34395,307.76538
40.34535,307.79827
40.34663,307.83028
40.3474,307.86272
40.34888,307.89563
40.35163,307.92768
40.35437,307.95985
40.3587,307.99337
40.36335,308.03048
40.36268,308.06943
40.3618,308.10977
40.35988,308.15087
40.35347,308.19043
40.34803,308.22735
40.34502,308.26632
40.34,308.30533
40.33133,308.34625
40.32262,308.3851
40.31537,308.42665
40.3066,308.46947
40.29722,308.51148
40.28533,308.55352
40.27227,308.59577
40.2595,308.63882
40.24663,308.68463
40.23223,308.73013
40.21755,308.77858
40.20278,308.82818
40.1875,308.8794
40.17255,308.93212
40.15728,308.98598
40.14327,309.03948
40.13333,309.09563
40.12613,309.15462
40.1207,309.21545
40.1162,309.2804
40.11327,309.34837
40.10763,309.41773
40.09772,309.48348
40.08892,309.54662
40.0802,309.60742
40.07248,309.66652
40.06462,309.72365
40.057,309.78
40.04962,309.83552
40.04157,309.88827
40.03338,309.93985
40.02447,309.98762
40.01788,310.03182
40.01292,310.07345
40.01015,310.11523
40.0087,310.1572
40.00755,310.20047
40.00573,310.24412
40.00445,310.28617
40.00352,310.32795
40.00318,310.36948
40.00202,310.41077
40.00033,310.45143
39.99793,310.4923
39.99503,310.533
39.99257,310.57335
39.9893,310.61372
39.98525,310.65543
39.98063,310.69662
39.9765,310.73768
39.97152,310.77817
39.96597,310.8166
39.9596,310.8536
39.9526,310.8892
39.94467,310.92437
39.93522,310.96067
39.92488,310.99738
39.9127,311.03288
39.89845,311.06688
39.88435,311.09863
39.87033,311.12923
39.85663,311.15908
39.84255,311.1864
39.82738,311.21315
39.81112,311.2392
39.79427,311.26395
39.77672,311.28848
39.76018,311.31175
39.74443,311.33635
39.72843,311.36135
39.71293,311.38505
39.69673,311.41103
39.6798,311.43847
39.66148,311.46438
39.6432,311.4884
39.62482,311.5118
39.60673,311.53497
39.58718,311.55908
39.56812,311.58188
39.548,311.60563
39.52743,311.63063
39.50767,311.65695
39.48702,311.68373
39.46815,311.71115
39.44902,311.73972
39.42893,311.76968
39.4089,311.80055
39.38705,311.8322
39.36303,311.86372
39.33887,311.89638
39.31362,311.92898
39.28805,311.9635
39.26298,312.00037
39.23827,312.03773
39.21407,312.0769
39.18868,312.11903
39.16187,312.1655
39.13162,312.21168
39.10092,312.25882
39.06723,312.30313
39.03122,312.34622
38.99565,312.38878
38.96148,312.43212
38.92718,312.47767
38.89168,312.52558
38.85575,312.5758
38.81743,312.62775
38.77728,312.67995
38.73468,312.72968
38.69305,312.77785
38.6539,312.8262
38.61445,312.87827
38.57502,312.93203
38.5369,312.987
38.5005,313.04042
38.46908,313.0921
38.44552,313.14405
38.42935,313.19505
38.4135,313.24245
38.39412,313.28657
38.37767,313.32752
38.36323,313.36422
38.35067,313.39578
38.34312,313.42678
38.3398,313.45955
38.33927,313.49543
38.3391,313.53778
38.34115,313.58305
38.34625,313.62772
38.35595,313.67345
38.36965,313.71727
38.3858,313.76212
38.4033,313.80787
38.42345,313.85213
38.44728,313.89355
38.47313,313.93217
38.50242,313.9664
38.53415,313.99867
38.5695,314.02327
38.6065,314.04523
38.6438,314.0612
38.68278,314.07527
38.72188,314.088
38.76025,314.0979
38.79838,314.10117
38.83708,314.1011
38.87673,314.09575
38.91802,314.08805
38.9598,314.07888
39.00193,314.06722
39.04425,314.05622
39.08567,314.04452
39.12532,314.03298
39.16592,314.02217
39.20567,314.01315
39.24417,314.00487
39.28308,313.99798
39.32147,313.99427
39.3601,313.99032
39.39818,313.98835
39.43805,313.98687
39.47882,313.98832
39.52003,313.99285
39.56225,313.99915
39.60447,314.01028
39.64722,314.02323
39.68773,314.04145
39.7276,314.06185
39.76672,314.08287
39.80603,314.10372
39.84333,314.12665
39.86848,314.15332
39.8904,314.17703
39.90958,314.19433
39.92608,314.20672
39.94157,314.21367
39.95758,314.21552
39.97512,314.21255
39.99502,314.20602
40.01848,314.1969
40.04425,314.18677
40.07133,314.1784
40.10113,314.17138
40.13143,314.16693
40.16115,314.16413
40.18973,314.16218
40.2189,314.16105
40.2458,314.16412
40.26807,314.17267
40.2861,314.18038
40.30075,314.18397
40.31265,314.1853
40.32192,314.18512
40.32848,314.1776
40.33427,314.16457
40.34082,314.14652
40.35203,314.12335
40.36793,314.09677
40.3862,314.06828
40.40725,314.04018
40.43135,314.01267
40.455,313.98687
40.47942,313.96347
40.50203,313.94158
40.52517,313.92295
40.54672,313.90657
40.5674,313.89295
40.5856,313.88117
40.60023,313.8695
40.61182,313.8578
40.6215,313.84472
40.6303,313.82765
40.63847,313.80763
40.6458,313.78337
40.653,313.75802
40.65858,313.73138
40.6671,313.70163
40.6776,313.66988
40.69108,313.63908
40.71055,313.61057
40.73477,313.5886
40.76058,313.57442
40.78523,313.57083
40.80658,313.57343
40.82087,313.58132
40.82945,313.58872
40.8325,313.59297
40.83285,313.59337
40.83038,313.5883
40.82733,313.5781
40.82492,313.56475
40.82518,313.54942
40.82593,313.53437
40.82868,313.5192
40.83283,313.50487
40.83812,313.49233
40.8461,313.48265
40.85577,313.47723
40.86213,313.4768
40.86585,313.47952
40.86803,313.4831
40.86913,313.4878
40.87015,313.4953
40.86915,313.50162
40.86617,313.50423
40.86262,313.50367
40.86155,313.50152
40.86075,313.50115
40.85863,313.49987
40.8553,313.49625
40.85197,313.4892
40.84867,313.48103
40.84718,313.472
40.84812,313.46422
40.85085,313.45807
40.85475,313.45632
40.85665,313.4562
40.85737,313.45422
40.85983,313.45255
40.86392,313.45063
40.86837,313.45002
40.8727,313.45218
40.87383,313.45817
40.87382,313.46397
40.87233,313.46992
40.8683,313.47398
40.86483,313.47565
40.86303,313.47548
40.86353,313.47408
40.86308,313.47192
40.86352,313.46915
40.86433,313.46568
40.86502,313.46443
40.86543,313.46482
40.86607,313.4632
40.86793,313.45972
40.87055,313.4582
40.87157,313.45722
40.87307,313.45687
40.87707,313.45525
40.88123,313.45513
40.88323,313.4579
40.88272,313.4621
40.88353,313.4636
40.88525,313.46645
40.88845,313.47048
40.89297,313.47678
40.89762,313.48202
40.90173,313.48505
40.90693,313.48777
40.91218,313.49325
40.91795,313.5019
40.92412,313.51217
40.93155,313.52513
40.93557,313.53967
40.93995,313.55412
40.94332,313.56313
40.94717,313.56883
40.95248,313.57442
40.95802,313.58035
40.96478,313.58837
40.97105,313.5983
40.97692,313.60822
40.98057,313.6198
40.98167,313.63025
40.98142,313.64103
40.98173,313.6507
40.98827,313.65263
40.99788,313.65015
41.00725,313.6502
41.01777,313.65205
41.02958,313.65727
41.04175,313.66353
41.0577,313.66905
41.07722,313.67678
41.09735,313.68653
41.11603,313.7026
41.13422,313.7218
41.1484,313.74327
41.1626,313.7634
41.17745,313.78188
41.19105,313.7961
41.20298,313.80722
41.217,313.81385
41.23318,313.81732
41.25088,313.8194
41.27015,313.82112
41.29283,313.82387
41.3174,313.82658
41.34277,313.83497
41.36878,313.8449
41.39122,313.8556
41.41282,313.86262
41.43147,313.86913
41.45058,313.87535
41.46872,313.88295
41.48408,313.89085
41.49898,313.8972
41.5118,313.89947
41.52417,313.8996
41.53693,313.89672
41.55088,313.8918
41.56882,313.8878
41.58747,313.88592
41.60118,313.88083
41.6098,313.86895
41.619,313.85353
41.6329,313.83795
41.64915,313.82285
41.66567,313.81358
41.68192,313.80683
41.69413,313.80485
41.70532,313.8033
41.7183,313.80013
41.73003,313.8013
41.74103,313.80475
41.75132,313.80952
41.75827,313.81678
41.7654,313.82112
41.77382,313.8201
41.7842,313.81725
41.79222,313.81358
41.80065,313.80777
41.8109,313.80098
41.82467,313.79752
41.84092,313.79728
41.85515,313.80173
41.86898,313.8085
41.8839,313.81597
41.89905,313.82235
