41.3903,305.08572
41.39987,305.0958
41.40962,305.10895
41.42028,305.12615
41.42892,305.14638
41.43677,305.16897
41.44318,305.19512
41.44652,305.21568
41.4455,305.23995
41.4429,305.26667
41.43618,305.29225
41.42893,305.31512
41.42222,305.33443
41.4154,305.34885
41.4078,305.35948
41.40235,305.36675
41.39828,305.37115
41.39698,305.37472
41.39717,305.3779
41.40013,305.383
41.40517,305.39175
41.4092,305.40597
41.41087,305.42048
41.41003,305.43758
41.40683,305.45692
41.40043,305.47672
41.39102,305.49385
41.37978,305.50663
41.36877,305.5166
41.35783,305.52475
41.34703,305.53178
41.33342,305.53608
41.31985,305.5379
41.30842,305.54055
41.2976,305.54442
41.28588,305.54833
41.27475,305.55188
41.26298,305.55708
41.25003,305.56085
41.23732,305.56238
41.22435,305.5634
41.21208,305.56575
41.20035,305.57033
41.19048,305.57475
41.17983,305.58235
41.1662,305.59315
41.15193,305.6055
41.13473,305.61982
41.1181,305.63368
41.10065,305.64612
41.08338,305.65568
41.0669,305.66162
41.05587,305.66392
41.05035,305.6659
41.04772,305.67068
41.04735,305.67923
41.05097,305.6892
41.05307,305.7058
41.0548,305.72745
41.05552,305.7499
41.05673,305.77435
41.05865,305.79985
41.06088,305.82602
41.063,305.85152
41.06493,305.87285
41.06812,305.89288
41.07133,305.91113
41.0755,305.92942
41.0815,305.95002
41.08858,305.97428
41.09543,306.00198
41.10435,306.0316
41.11407,306.06382
41.12258,306.1
41.12882,306.13762
41.13505,306.17575
41.14135,306.21495
41.14558,306.25502
41.14932,306.29918
41.14923,306.34272
41.14253,306.37935
41.1324,306.41497
41.12002,306.4459
41.108,306.47277
41.09905,306.49487
41.09122,306.51185
41.08318,306.52468
41.07795,306.53232
41.07627,306.53673
41.08023,306.53835
41.08772,306.54337
41.09895,306.55223
41.11225,306.56632
41.12487,306.58748
41.13773,306.61313
41.14963,306.63995
41.16088,306.66765
41.17262,306.6973
41.18257,306.7304
41.19002,306.76413
41.19345,306.80077
41.19287,306.83897
41.18892,306.87823
41.18143,306.91512
41.171,306.94742
41.15837,306.97533
41.14578,307.00223
41.13338,307.02372
41.12353,307.04432
41.11478,307.06517
41.1058,307.0869
41.09957,307.10995
41.09438,307.13302
41.08708,307.15742
41.08295,307.18438
41.0791,307.21608
41.07483,307.25132
41.06973,307.28852
41.0632,307.32787
41.05137,307.36355
41.0373,307.39558
41.02087,307.42503
41.00675,307.4538
40.99335,307.48025
40.98298,307.50623
40.97482,307.53258
40.96828,307.5636
40.96138,307.59763
40.95512,307.63262
40.9484,307.66943
40.94097,307.70913
40.93082,307.74642
40.92382,307.78305
40.91902,307.81955
40.91697,307.8532
40.91745,307.88377
40.91578,307.91613
40.91233,307.94952
40.90662,307.98578
40.899,308.02267
40.88898,308.05875
40.87755,308.09202
40.86392,308.12503
40.85025,308.15447
40.8377,308.1827
40.82765,308.2112
40.82105,308.23823
40.8171,308.26387
40.81475,308.29022
40.81145,308.31795
40.80942,308.34438
40.80883,308.37233
40.8103,308.40163
40.81043,308.43003
40.81045,308.45653
40.80947,308.48225
40.80903,308.50433
40.8085,308.52473
40.80813,308.54523
40.8091,308.5669
40.81012,308.5892
40.80832,308.61183
40.80435,308.63247
40.80013,308.64973
40.79808,308.665
40.80012,308.68115
40.80273,308.70065
40.8048,308.7241
40.80512,308.75037
40.80265,308.77892
40.7984,308.80932
40.79187,308.83982
40.78345,308.86847
40.77433,308.89532
40.76497,308.92117
40.75543,308.94333
40.74782,308.9654
40.73865,308.98738
40.72878,309.0099
40.71875,309.02735
40.71343,309.04302
40.71072,309.05892
40.7082,309.07893
40.70642,309.09822
40.70292,309.12058
40.69475,309.14218
40.68432,309.15882
40.67655,309.1706
40.67247,309.18392
40.66658,309.19645
40.65915,309.20858
40.64985,309.21988
40.64262,309.2309
40.63643,309.24535
40.63048,309.2587
40.62608,309.27218
40.62158,309.2832
40.6179,309.29498
40.61438,309.30795
40.61057,309.32043
40.60597,309.33263
40.59812,309.34473
40.58542,309.35405
40.56965,309.36277
40.55423,309.37277
40.54032,309.38165
40.52752,309.38855
40.5172,309.39692
40.5059,309.40522
40.4954,309.41225
40.48585,309.42382
40.47373,309.43848
40.4588,309.45447
40.44452,309.46872
40.4297,309.48355
40.41623,309.49977
40.40178,309.51578
40.38842,309.5286
40.37523,309.53842
40.36482,309.54585
40.35807,309.55763
40.35088,309.569
40.34547,309.58173
40.3421,309.59457
40.33957,309.6075
40.3366,309.62053
40.33573,309.63398
40.33617,309.64882
40.33793,309.66657
40.33908,309.69033
40.33872,309.71583
40.3369,309.74172
40.33147,309.76788
40.32437,309.79277
40.3159,309.81575
40.30762,309.83227
40.30005,309.84587
40.29382,309.8582
40.28875,309.86912
40.28697,309.87612
40.28773,309.88538
40.28983,309.89675
40.29388,309.90968
40.29732,309.92635
40.29985,309.94528
40.3023,309.96667
40.30053,309.99067
40.29595,310.01187
40.28953,310.03262
40.2828,310.04932
40.27463,310.06137
40.26685,310.07102
40.26163,310.07773
40.25903,310.08357
40.25895,310.09193
40.2591,310.10428
40.26008,310.11705
40.2609,310.1329
40.26093,310.14845
40.26058,310.16395
40.26008,310.17838
40.26018,310.19492
40.26275,310.20902
40.26542,310.22452
40.26765,310.23945
40.27158,310.25365
40.27535,310.26952
40.27883,310.28557
40.28248,310.30092
40.28547,310.31597
40.28868,310.3279
40.29245,310.3408
40.29563,310.3553
40.30043,310.36655
40.305,310.37877
40.31117,310.39257
40.32085,310.40847
40.33015,310.42713
40.3388,310.45033
40.34668,310.47283
40.35398,310.49537
40.36317,310.51353
40.37183,310.5324
40.37648,310.5508
40.3827,310.56642
40.3914,310.57917
40.39907,310.59037
40.40525,310.60252
40.41292,310.61328
40.41978,310.62642
40.42533,310.64083
40.42445,310.6496
40.42432,310.65342
40.42613,310.65717
40.42628,310.6595
40.42535,310.6576
40.42125,310.65473
40.41715,310.65098
40.41655,310.64715
40.41737,310.64563
40.41768,310.64527
40.41858,310.64258
40.41815,310.64002
40.41728,310.63548
40.41442,310.62923
40.41217,310.61958
40.41047,310.60738
40.41052,310.59177
40.41213,310.57472
40.41533,310.55777
40.41992,310.5419
40.42515,310.52583
40.43125,310.51055
40.43887,310.49888
40.44748,310.49162
40.45473,310.4878
40.46017,310.48598
40.46113,310.48812
40.45908,310.48778
40.45572,310.48603
40.45215,310.47947
40.44955,310.46777
40.4484,310.45218
40.44918,310.4315
40.45347,310.4096
40.45932,310.39438
40.46728,310.38233
40.47775,310.36992
40.49013,310.35775
40.50047,310.34415
40.51442,310.32985
40.5319,310.32217
40.54767,310.31705
40.56358,310.31082
40.58128,310.30495
40.59857,310.30215
40.61638,310.30105
40.63558,310.30045
40.65388,310.29822
40.67222,310.29975
40.69043,310.30832
40.70753,310.3194
40.72478,310.33213
40.74213,310.34897
40.76055,310.36717
40.77597,310.39283
40.78777,310.42123
40.79025,310.46033
40.78402,310.50062
40.77032,310.53492
40.75175,310.56283
40.73022,310.58312
40.70663,310.59722
40.68643,310.59985
40.6703,310.5925
40.65688,310.57857
40.64908,310.5602
40.64715,310.53908
40.65183,310.51707
40.66242,310.49492
40.6798,310.47883
40.70175,310.46952
40.7261,310.46787
40.74937,310.4769
40.7683,310.49367
40.78362,310.51587
40.79198,310.54218
40.79258,310.56953
40.78437,310.59295
40.77163,310.60863
40.75667,310.6158
40.7406,310.61655
40.7275,310.60782
40.71808,310.59118
40.71315,310.56897
40.71473,310.54237
40.72288,310.51615
40.73513,310.49433
40.74657,310.47867
40.76142,310.46563
40.77732,310.45853
40.7933,310.4578
40.80702,310.46672
40.81407,310.4828
40.8157,310.50003
40.81162,310.51562
40.80058,310.52503
40.78492,310.52855
40.76717,310.52598
40.75287,310.51435
40.7412,310.49483
40.73495,310.47022
40.7307,310.4448
40.73002,310.42137
40.73268,310.3995
40.73522,310.37937
40.73908,310.36255
40.7447,310.34812
40.75428,310.34233
40.76113,310.34657
40.7659,310.35592
40.76587,310.3665
40.762,310.3766
40.75002,310.38623
40.73062,310.39357
40.70433,310.39533
40.67772,310.38637
40.65222,310.37025
40.6348,310.34625
40.6218,310.3183
40.61555,310.2884
40.6147,310.2616
40.62188,310.24047
40.63565,310.23092
40.6511,310.23745
40.66347,310.25468
40.67083,310.27205
40.66965,310.28933
40.65937,310.3047
40.64783,310.31308
40.63342,310.31562
40.621,310.31227
40.60965,310.30568
40.60065,310.29782
40.59522,310.29105
40.59372,310.28388
40.59517,310.28253
40.59412,310.28917
40.59395,310.29348
40.59455,310.3
40.59418,310.30725
40.59215,310.31655
40.58925,310.3263
40.58468,310.33428
40.57812,310.34058
40.57535,310.3434
40.5736,310.347
40.57298,310.35257
40.5735,310.36195
40.57218,310.371
40.56887,310.38035
40.56497,310.38502
40.56203,310.38542
40.56112,310.381
40.56107,310.37957
40.5609,310.3809
40.56582,310.38058
40.57188,310.38545
40.57785,310.39133
40.58252,310.4021
40.58443,310.40995
40.58398,310.41645
40.5829,310.42582
40.57955,310.4349
40.575,310.43963
40.57035,310.44555
40.5674,310.44642
40.5662,310.44138
40.57227,310.43425
40.57825,310.42955
40.57963,310.42927
40.58485,310.4309
40.58992,310.43893
40.5947,310.44607
40.6012,310.45383
40.60383,310.46772
40.60128,310.48057
40.5952,310.49062
40.58845,310.49433
40.58417,310.49513
40.58005,310.49177
40.57678,310.4868
40.576,310.48235
40.57642,310.47868
40.57755,310.47378
40.5782,310.47113
40.581,310.46948
40.58415,310.4701
40.58823,310.46732
40.58412,310.47075
40.57655,310.47157
40.56718,310.46892
40.55773,310.46418
40.54908,310.45713
40.54208,310.44728
40.53865,310.43678
40.5355,310.42477
40.53475,310.41338
40.53287,310.40728
40.52767,310.40388
40.51912,310.40075
40.51097,310.39173
40.51097,310.39173
40.5021,310.3829
40.49363,310.37185
40.48467,310.35968
40.47683,310.34428
40.46705,310.32247
40.45735,310.30045
40.44693,310.28422
40.43183,310.27028
40.41743,310.25567
40.40022,310.23933
40.3813,310.22218
40.36392,310.20492
40.34472,310.18593
40.32305,310.16772
40.29742,310.15392
40.27208,310.13322
40.24715,310.10933
40.22065,310.08433
40.19355,310.05872
40.16568,310.03538
40.1354,310.01408
40.10315,309.99487
40.0713,309.97618
40.03827,309.95942
40.00352,309.94
39.96837,309.92195
39.93352,309.90365
39.89838,309.88727
39.86583,309.87605
39.83882,309.8679
39.81102,309.86265
39.78625,309.85932
39.76517,309.86283
39.74468,309.86992
39.72403,309.87888
39.70282,309.88658
39.68092,309.89733
39.658,309.9065
39.63252,309.91545
39.60557,309.924
39.57852,309.9283
39.55538,309.93068
39.54022,309.94002
39.52897,309.9573
39.517,309.9795
39.50328,309.99658
39.49025,310.01435
39.4763,310.02875
39.46278,310.04447
39.45048,310.05865
39.4374,310.07375
39.42417,310.08447
39.41025,310.0951
39.39927,310.10343
39.39002,310.11028
39.38072,310.11402
39.3753,310.11708
39.37213,310.12287
39.37305,310.13245
39.37327,310.14695
