  -6.182  0.407E-06  0.405E-06
  -6.082  0.101E-03  0.101E-03
  -5.982  0.425E-02  0.423E-02
  -5.882  0.367E-01  0.366E-01
  -5.782  0.984E-01  0.980E-01
  -5.682  0.149E+00  0.149E+00
  -5.582  0.181E+00  0.181E+00
  -5.482  0.221E+00  0.220E+00
  -5.382  0.232E+00  0.231E+00
  -5.282  0.282E+00  0.281E+00
  -5.182  0.274E+00  0.273E+00
  -5.082  0.321E+00  0.319E+00
  -4.982  0.348E+00  0.347E+00
  -4.882  0.323E+00  0.321E+00
  -4.782  0.405E+00  0.403E+00
  -4.682  0.405E+00  0.403E+00
  -4.582  0.374E+00  0.373E+00
  -4.482  0.470E+00  0.468E+00
  -4.382  0.476E+00  0.474E+00
  -4.282  0.453E+00  0.451E+00
  -4.182  0.485E+00  0.482E+00
  -4.082  0.582E+00  0.579E+00
  -3.982  0.559E+00  0.556E+00
  -3.882  0.526E+00  0.523E+00
  -3.782  0.636E+00  0.633E+00
  -3.682  0.743E+00  0.740E+00
  -3.582  0.704E+00  0.701E+00
  -3.482  0.728E+00  0.725E+00
  -3.382  0.967E+00  0.963E+00
  -3.282  0.825E+00  0.822E+00
  -3.182  0.689E+00  0.686E+00
  -3.082  0.776E+00  0.773E+00
  -2.982  0.794E+00  0.790E+00
  -2.882  0.632E+00  0.630E+00
  -2.782  0.618E+00  0.615E+00
  -2.682  0.683E+00  0.679E+00
  -2.582  0.580E+00  0.578E+00
  -2.482  0.501E+00  0.498E+00
  -2.382  0.551E+00  0.548E+00
  -2.282  0.503E+00  0.501E+00
  -2.182  0.392E+00  0.391E+00
  -2.082  0.396E+00  0.394E+00
  -1.982  0.388E+00  0.386E+00
  -1.882  0.292E+00  0.291E+00
  -1.782  0.196E+00  0.195E+00
  -1.682  0.133E+00  0.133E+00
  -1.582  0.146E+00  0.145E+00
  -1.482  0.121E+00  0.120E+00
  -1.382  0.910E-01  0.904E-01
  -1.282  0.275E+00  0.273E+00
  -1.182  0.418E+00  0.415E+00
  -1.082  0.281E+00  0.279E+00
  -0.982  0.345E+00  0.343E+00
  -0.882  0.780E+00  0.775E+00
  -0.782  0.969E+00  0.961E+00
  -0.682  0.128E+01  0.127E+01
  -0.582  0.139E+01  0.138E+01
  -0.482  0.111E+01  0.110E+01
  -0.382  0.786E+00  0.779E+00
  -0.282  0.755E+00  0.749E+00
  -0.182  0.698E+00  0.692E+00
  -0.082  0.633E+00  0.628E+00
   0.018  0.596E+00  0.591E+00
   0.118  0.500E+00  0.496E+00
   0.218  0.547E+00  0.542E+00
   0.318  0.462E+00  0.458E+00
   0.418  0.442E+00  0.438E+00
   0.518  0.397E+00  0.393E+00
   0.618  0.482E+00  0.478E+00
   0.718  0.291E+00  0.288E+00
   0.818  0.391E+00  0.387E+00
   0.918  0.348E+00  0.345E+00
   1.018  0.253E+00  0.251E+00
   1.118  0.408E+00  0.404E+00
   1.218  0.254E+00  0.252E+00
   1.318  0.232E+00  0.230E+00
   1.418  0.275E+00  0.272E+00
   1.518  0.225E+00  0.223E+00
   1.618  0.360E+00  0.356E+00
   1.718  0.451E+00  0.447E+00
   1.818  0.640E+00  0.635E+00
   1.918  0.103E+01  0.102E+01
   2.018  0.106E+01  0.105E+01
   2.118  0.119E+01  0.118E+01
   2.218  0.111E+01  0.110E+01
   2.318  0.948E+00  0.941E+00
   2.418  0.956E+00  0.949E+00
   2.518  0.981E+00  0.973E+00
   2.618  0.107E+01  0.106E+01
   2.718  0.105E+01  0.104E+01
   2.818  0.101E+01  0.998E+00
   2.918  0.110E+01  0.109E+01
   3.018  0.114E+01  0.113E+01
   3.118  0.111E+01  0.110E+01
   3.218  0.127E+01  0.126E+01
   3.318  0.156E+01  0.154E+01
   3.418  0.154E+01  0.153E+01
   3.518  0.124E+01  0.123E+01
   3.618  0.128E+01  0.127E+01
   3.718  0.172E+01  0.170E+01
   3.818  0.135E+01  0.134E+01
   3.918  0.113E+01  0.111E+01
   4.018  0.138E+01  0.137E+01
   4.118  0.138E+01  0.136E+01
   4.218  0.122E+01  0.120E+01
   4.318  0.120E+01  0.118E+01
   4.418  0.129E+01  0.127E+01
   4.518  0.111E+01  0.110E+01
   4.618  0.116E+01  0.114E+01
   4.718  0.122E+01  0.120E+01
   4.818  0.109E+01  0.107E+01
   4.918  0.109E+01  0.108E+01
   5.018  0.933E+00  0.919E+00
   5.118  0.805E+00  0.793E+00
   5.218  0.653E+00  0.642E+00
   5.318  0.584E+00  0.574E+00
   5.418  0.556E+00  0.545E+00
   5.518  0.427E+00  0.418E+00
   5.618  0.363E+00  0.356E+00
   5.718  0.286E+00  0.279E+00
   5.818  0.290E+00  0.282E+00
   5.918  0.257E+00  0.250E+00
   6.018  0.164E+00  0.159E+00
   6.118  0.984E-01  0.951E-01
   6.218  0.443E-01  0.428E-01
   6.318  0.650E-02  0.626E-02
   6.418  0.209E-03  0.199E-03
   6.518  0.167E-02  0.149E-02
   6.618  0.188E-01  0.167E-01
   6.718  0.811E-01  0.714E-01
   6.818  0.163E+00  0.143E+00
   6.918  0.239E+00  0.208E+00
   7.018  0.335E+00  0.288E+00
   7.118  0.392E+00  0.335E+00
   7.218  0.468E+00  0.401E+00
   7.318  0.470E+00  0.397E+00
   7.418  0.430E+00  0.367E+00
   7.518  0.530E+00  0.452E+00
   7.618  0.716E+00  0.600E+00
   7.718  0.713E+00  0.592E+00
   7.818  0.781E+00  0.649E+00
   7.918  0.987E+00  0.834E+00
   8.018  0.960E+00  0.814E+00
   8.118  0.878E+00  0.732E+00
   8.218  0.117E+01  0.985E+00
   8.318  0.147E+01  0.124E+01
   8.418  0.140E+01  0.118E+01
   8.518  0.165E+01  0.139E+01
   8.618  0.165E+01  0.137E+01
   8.718  0.136E+01  0.112E+01
   8.818  0.125E+01  0.104E+01
   8.918  0.122E+01  0.995E+00
   9.018  0.112E+01  0.921E+00
   9.118  0.870E+00  0.719E+00
   9.218  0.895E+00  0.714E+00
   9.318  0.149E+01  0.116E+01
   9.418  0.201E+01  0.155E+01
   9.518  0.224E+01  0.175E+01
   9.618  0.186E+01  0.146E+01
   9.718  0.147E+01  0.113E+01
   9.818  0.175E+01  0.135E+01
   9.918  0.171E+01  0.130E+01
  10.018  0.138E+01  0.103E+01
  10.118  0.125E+01  0.943E+00
  10.218  0.118E+01  0.896E+00
  10.318  0.128E+01  0.910E+00
  10.418  0.156E+01  0.110E+01
  10.518  0.144E+01  0.101E+01
  10.618  0.103E+01  0.703E+00
  10.718  0.113E+01  0.770E+00
  10.818  0.125E+01  0.857E+00
  10.918  0.117E+01  0.800E+00
  11.018  0.113E+01  0.795E+00
  11.118  0.121E+01  0.857E+00
  11.218  0.133E+01  0.900E+00
  11.318  0.149E+01  0.958E+00
  11.418  0.129E+01  0.832E+00
  11.518  0.955E+00  0.621E+00
  11.618  0.971E+00  0.611E+00
  11.718  0.953E+00  0.614E+00
  11.818  0.105E+01  0.662E+00
  11.918  0.122E+01  0.750E+00
  12.018  0.112E+01  0.741E+00
  12.118  0.125E+01  0.812E+00
  12.218  0.130E+01  0.817E+00
  12.318  0.995E+00  0.655E+00
  12.418  0.709E+00  0.459E+00
  12.518  0.711E+00  0.392E+00
  12.618  0.763E+00  0.381E+00
  12.718  0.723E+00  0.386E+00
  12.818  0.888E+00  0.526E+00
  12.918  0.105E+01  0.651E+00
  13.018  0.114E+01  0.711E+00
  13.118  0.125E+01  0.778E+00
  13.218  0.950E+00  0.597E+00
  13.318  0.557E+00  0.300E+00
  13.418  0.419E+00  0.195E+00
  13.518  0.380E+00  0.191E+00
  13.618  0.367E+00  0.202E+00
  13.718  0.443E+00  0.229E+00
  13.818  0.675E+00  0.318E+00
  13.918  0.750E+00  0.336E+00
  14.018  0.916E+00  0.490E+00
  14.118  0.857E+00  0.508E+00
  14.218  0.403E+00  0.217E+00
  14.318  0.165E+00  0.886E-01
  14.418  0.136E+00  0.759E-01
  14.518  0.149E+00  0.885E-01
  14.618  0.169E+00  0.108E+00
  14.718  0.192E+00  0.129E+00
  14.818  0.178E+00  0.113E+00
  14.918  0.227E+00  0.140E+00
  15.018  0.404E+00  0.274E+00
  15.118  0.219E+00  0.149E+00
  15.218  0.216E-01  0.145E-01
  15.318  0.144E-02  0.114E-02
  15.418  0.164E-01  0.139E-01
  15.518  0.461E-01  0.386E-01
  15.618  0.945E-01  0.755E-01
  15.718  0.119E+00  0.939E-01
  15.818  0.678E-01  0.525E-01
  15.918  0.109E+00  0.835E-01
  16.018  0.508E-01  0.385E-01
  16.118  0.493E-02  0.371E-02
  16.218  0.107E-02  0.976E-03
  16.318  0.682E-02  0.629E-02
  16.418  0.636E-02  0.587E-02
  16.518  0.803E-03  0.741E-03
  16.618  0.137E-04  0.127E-04
  16.718  0.317E-07  0.293E-07