  -6.182  0.245E-08  0.816E-09  0.816E-09  0.816E-09
  -6.082  0.858E-06  0.286E-06  0.286E-06  0.286E-06
  -5.982  0.518E-04  0.173E-04  0.173E-04  0.173E-04
  -5.882  0.717E-03  0.239E-03  0.239E-03  0.239E-03
  -5.782  0.318E-02  0.106E-02  0.106E-02  0.106E-02
  -5.682  0.742E-02  0.247E-02  0.247E-02  0.247E-02
  -5.582  0.120E-01  0.400E-02  0.400E-02  0.400E-02
  -5.482  0.178E-01  0.593E-02  0.593E-02  0.593E-02
  -5.382  0.216E-01  0.720E-02  0.720E-02  0.720E-02
  -5.282  0.293E-01  0.977E-02  0.977E-02  0.977E-02
  -5.182  0.308E-01  0.103E-01  0.103E-01  0.103E-01
  -5.082  0.389E-01  0.130E-01  0.130E-01  0.130E-01
  -4.982  0.444E-01  0.148E-01  0.148E-01  0.148E-01
  -4.882  0.432E-01  0.144E-01  0.144E-01  0.144E-01
  -4.782  0.565E-01  0.188E-01  0.188E-01  0.188E-01
  -4.682  0.582E-01  0.194E-01  0.194E-01  0.194E-01
  -4.582  0.554E-01  0.185E-01  0.185E-01  0.185E-01
  -4.482  0.715E-01  0.238E-01  0.238E-01  0.238E-01
  -4.382  0.733E-01  0.244E-01  0.244E-01  0.244E-01
  -4.282  0.712E-01  0.237E-01  0.237E-01  0.237E-01
  -4.182  0.773E-01  0.258E-01  0.258E-01  0.258E-01
  -4.082  0.933E-01  0.311E-01  0.311E-01  0.311E-01
  -3.982  0.907E-01  0.302E-01  0.302E-01  0.302E-01
  -3.882  0.852E-01  0.284E-01  0.284E-01  0.284E-01
  -3.782  0.104E+00  0.347E-01  0.347E-01  0.347E-01
  -3.682  0.121E+00  0.403E-01  0.403E-01  0.403E-01
  -3.582  0.112E+00  0.374E-01  0.374E-01  0.374E-01
  -3.482  0.114E+00  0.381E-01  0.381E-01  0.381E-01
  -3.382  0.155E+00  0.516E-01  0.516E-01  0.516E-01
  -3.282  0.134E+00  0.446E-01  0.446E-01  0.446E-01
  -3.182  0.114E+00  0.379E-01  0.379E-01  0.379E-01
  -3.082  0.131E+00  0.437E-01  0.437E-01  0.437E-01
  -2.982  0.136E+00  0.453E-01  0.453E-01  0.453E-01
  -2.882  0.110E+00  0.366E-01  0.366E-01  0.366E-01
  -2.782  0.109E+00  0.364E-01  0.364E-01  0.364E-01
  -2.682  0.122E+00  0.407E-01  0.407E-01  0.407E-01
  -2.582  0.105E+00  0.350E-01  0.350E-01  0.350E-01
  -2.482  0.912E-01  0.304E-01  0.304E-01  0.304E-01
  -2.382  0.103E+00  0.343E-01  0.343E-01  0.343E-01
  -2.282  0.950E-01  0.317E-01  0.317E-01  0.317E-01
  -2.182  0.735E-01  0.245E-01  0.245E-01  0.245E-01
  -2.082  0.760E-01  0.253E-01  0.253E-01  0.253E-01
  -1.982  0.770E-01  0.257E-01  0.257E-01  0.257E-01
  -1.882  0.574E-01  0.191E-01  0.191E-01  0.191E-01
  -1.782  0.386E-01  0.129E-01  0.129E-01  0.129E-01
  -1.682  0.280E-01  0.932E-02  0.932E-02  0.932E-02
  -1.582  0.313E-01  0.104E-01  0.104E-01  0.104E-01
  -1.482  0.258E-01  0.861E-02  0.861E-02  0.861E-02
  -1.382  0.203E-01  0.676E-02  0.676E-02  0.676E-02
  -1.282  0.612E-01  0.204E-01  0.204E-01  0.204E-01
  -1.182  0.930E-01  0.310E-01  0.310E-01  0.310E-01
  -1.082  0.644E-01  0.215E-01  0.215E-01  0.215E-01
  -0.982  0.815E-01  0.272E-01  0.272E-01  0.272E-01
  -0.882  0.196E+00  0.654E-01  0.654E-01  0.654E-01
  -0.782  0.278E+00  0.926E-01  0.926E-01  0.926E-01
  -0.682  0.390E+00  0.130E+00  0.130E+00  0.130E+00
  -0.582  0.412E+00  0.137E+00  0.137E+00  0.137E+00
  -0.482  0.321E+00  0.107E+00  0.107E+00  0.107E+00
  -0.382  0.232E+00  0.773E-01  0.773E-01  0.773E-01
  -0.282  0.222E+00  0.740E-01  0.740E-01  0.740E-01
  -0.182  0.203E+00  0.676E-01  0.676E-01  0.676E-01
  -0.082  0.183E+00  0.610E-01  0.610E-01  0.610E-01
   0.018  0.173E+00  0.577E-01  0.577E-01  0.577E-01
   0.118  0.149E+00  0.495E-01  0.495E-01  0.495E-01
   0.218  0.159E+00  0.532E-01  0.532E-01  0.532E-01
   0.318  0.135E+00  0.449E-01  0.449E-01  0.449E-01
   0.418  0.131E+00  0.436E-01  0.436E-01  0.436E-01
   0.518  0.117E+00  0.389E-01  0.389E-01  0.389E-01
   0.618  0.144E+00  0.481E-01  0.481E-01  0.481E-01
   0.718  0.861E-01  0.287E-01  0.287E-01  0.287E-01
   0.818  0.117E+00  0.389E-01  0.389E-01  0.389E-01
   0.918  0.105E+00  0.349E-01  0.349E-01  0.349E-01
   1.018  0.769E-01  0.256E-01  0.256E-01  0.256E-01
   1.118  0.125E+00  0.417E-01  0.417E-01  0.417E-01
   1.218  0.757E-01  0.252E-01  0.252E-01  0.252E-01
   1.318  0.714E-01  0.238E-01  0.238E-01  0.238E-01
   1.418  0.867E-01  0.289E-01  0.289E-01  0.289E-01
   1.518  0.687E-01  0.229E-01  0.229E-01  0.229E-01
   1.618  0.121E+00  0.404E-01  0.404E-01  0.404E-01
   1.718  0.183E+00  0.611E-01  0.611E-01  0.611E-01
   1.818  0.287E+00  0.958E-01  0.958E-01  0.958E-01
   1.918  0.454E+00  0.151E+00  0.151E+00  0.151E+00
   2.018  0.483E+00  0.161E+00  0.161E+00  0.161E+00
   2.118  0.536E+00  0.179E+00  0.179E+00  0.179E+00
   2.218  0.485E+00  0.162E+00  0.162E+00  0.162E+00
   2.318  0.423E+00  0.141E+00  0.141E+00  0.141E+00
   2.418  0.434E+00  0.145E+00  0.145E+00  0.145E+00
   2.518  0.435E+00  0.145E+00  0.145E+00  0.145E+00
   2.618  0.474E+00  0.158E+00  0.158E+00  0.158E+00
   2.718  0.463E+00  0.154E+00  0.154E+00  0.154E+00
   2.818  0.448E+00  0.149E+00  0.149E+00  0.149E+00
   2.918  0.503E+00  0.168E+00  0.168E+00  0.168E+00
   3.018  0.520E+00  0.173E+00  0.173E+00  0.173E+00
   3.118  0.505E+00  0.168E+00  0.168E+00  0.168E+00
   3.218  0.586E+00  0.195E+00  0.195E+00  0.195E+00
   3.318  0.721E+00  0.240E+00  0.240E+00  0.240E+00
   3.418  0.717E+00  0.239E+00  0.239E+00  0.239E+00
   3.518  0.585E+00  0.195E+00  0.195E+00  0.195E+00
   3.618  0.607E+00  0.202E+00  0.202E+00  0.202E+00
   3.718  0.807E+00  0.269E+00  0.269E+00  0.269E+00
   3.818  0.633E+00  0.211E+00  0.211E+00  0.211E+00
   3.918  0.532E+00  0.177E+00  0.177E+00  0.177E+00
   4.018  0.656E+00  0.219E+00  0.219E+00  0.219E+00
   4.118  0.648E+00  0.216E+00  0.216E+00  0.216E+00
   4.218  0.577E+00  0.192E+00  0.192E+00  0.192E+00
   4.318  0.571E+00  0.190E+00  0.190E+00  0.190E+00
   4.418  0.612E+00  0.204E+00  0.204E+00  0.204E+00
   4.518  0.532E+00  0.177E+00  0.177E+00  0.177E+00
   4.618  0.553E+00  0.184E+00  0.184E+00  0.184E+00
   4.718  0.581E+00  0.194E+00  0.194E+00  0.194E+00
   4.818  0.522E+00  0.174E+00  0.174E+00  0.174E+00
   4.918  0.527E+00  0.176E+00  0.176E+00  0.176E+00
   5.018  0.451E+00  0.150E+00  0.150E+00  0.150E+00
   5.118  0.388E+00  0.129E+00  0.129E+00  0.129E+00
   5.218  0.314E+00  0.105E+00  0.105E+00  0.105E+00
   5.318  0.279E+00  0.929E-01  0.929E-01  0.929E-01
   5.418  0.266E+00  0.888E-01  0.888E-01  0.888E-01
   5.518  0.205E+00  0.683E-01  0.683E-01  0.683E-01
   5.618  0.175E+00  0.585E-01  0.585E-01  0.585E-01
   5.718  0.138E+00  0.460E-01  0.460E-01  0.460E-01
   5.818  0.139E+00  0.464E-01  0.464E-01  0.464E-01
   5.918  0.123E+00  0.411E-01  0.411E-01  0.411E-01
   6.018  0.789E-01  0.263E-01  0.263E-01  0.263E-01
   6.118  0.474E-01  0.158E-01  0.158E-01  0.158E-01
   6.218  0.214E-01  0.713E-02  0.713E-02  0.713E-02
   6.318  0.313E-02  0.104E-02  0.104E-02  0.104E-02
   6.418  0.949E-04  0.316E-04  0.316E-04  0.316E-04
   6.518  0.448E-03  0.149E-03  0.149E-03  0.149E-03
   6.618  0.505E-02  0.168E-02  0.168E-02  0.168E-02
   6.718  0.217E-01  0.722E-02  0.722E-02  0.722E-02
   6.818  0.437E-01  0.146E-01  0.146E-01  0.146E-01
   6.918  0.650E-01  0.217E-01  0.217E-01  0.217E-01
   7.018  0.906E-01  0.302E-01  0.302E-01  0.302E-01
   7.118  0.107E+00  0.355E-01  0.355E-01  0.355E-01
   7.218  0.131E+00  0.437E-01  0.437E-01  0.437E-01
   7.318  0.130E+00  0.435E-01  0.435E-01  0.435E-01
   7.418  0.124E+00  0.413E-01  0.413E-01  0.413E-01
   7.518  0.156E+00  0.519E-01  0.519E-01  0.519E-01
   7.618  0.204E+00  0.679E-01  0.679E-01  0.679E-01
   7.718  0.199E+00  0.664E-01  0.664E-01  0.664E-01
   7.818  0.220E+00  0.732E-01  0.732E-01  0.732E-01
   7.918  0.277E+00  0.923E-01  0.923E-01  0.923E-01
   8.018  0.264E+00  0.880E-01  0.880E-01  0.880E-01
   8.118  0.243E+00  0.811E-01  0.811E-01  0.811E-01
   8.218  0.332E+00  0.111E+00  0.111E+00  0.111E+00
   8.318  0.405E+00  0.135E+00  0.135E+00  0.135E+00
   8.418  0.385E+00  0.128E+00  0.128E+00  0.128E+00
   8.518  0.468E+00  0.156E+00  0.156E+00  0.156E+00
   8.618  0.471E+00  0.157E+00  0.157E+00  0.157E+00
   8.718  0.396E+00  0.132E+00  0.132E+00  0.132E+00
   8.818  0.381E+00  0.127E+00  0.127E+00  0.127E+00
   8.918  0.357E+00  0.119E+00  0.119E+00  0.119E+00
   9.018  0.343E+00  0.114E+00  0.114E+00  0.114E+00
   9.118  0.281E+00  0.937E-01  0.937E-01  0.937E-01
   9.218  0.288E+00  0.960E-01  0.960E-01  0.960E-01
   9.318  0.475E+00  0.158E+00  0.158E+00  0.158E+00
   9.418  0.659E+00  0.220E+00  0.220E+00  0.220E+00
   9.518  0.762E+00  0.254E+00  0.254E+00  0.254E+00
   9.618  0.628E+00  0.209E+00  0.209E+00  0.209E+00
   9.718  0.486E+00  0.162E+00  0.162E+00  0.162E+00
   9.818  0.571E+00  0.190E+00  0.190E+00  0.190E+00
   9.918  0.536E+00  0.179E+00  0.179E+00  0.179E+00
  10.018  0.426E+00  0.142E+00  0.142E+00  0.142E+00
  10.118  0.390E+00  0.130E+00  0.130E+00  0.130E+00
  10.218  0.374E+00  0.125E+00  0.125E+00  0.125E+00
  10.318  0.368E+00  0.123E+00  0.123E+00  0.123E+00
  10.418  0.449E+00  0.150E+00  0.150E+00  0.150E+00
  10.518  0.430E+00  0.143E+00  0.143E+00  0.143E+00
  10.618  0.303E+00  0.101E+00  0.101E+00  0.101E+00
  10.718  0.331E+00  0.110E+00  0.110E+00  0.110E+00
  10.818  0.342E+00  0.114E+00  0.114E+00  0.114E+00
  10.918  0.305E+00  0.102E+00  0.102E+00  0.102E+00
  11.018  0.314E+00  0.105E+00  0.105E+00  0.105E+00
  11.118  0.343E+00  0.114E+00  0.114E+00  0.114E+00
  11.218  0.364E+00  0.121E+00  0.121E+00  0.121E+00
  11.318  0.387E+00  0.129E+00  0.129E+00  0.129E+00
  11.418  0.333E+00  0.111E+00  0.111E+00  0.111E+00
  11.518  0.257E+00  0.857E-01  0.857E-01  0.857E-01
  11.618  0.237E+00  0.792E-01  0.792E-01  0.792E-01
  11.718  0.232E+00  0.772E-01  0.772E-01  0.772E-01
  11.818  0.253E+00  0.842E-01  0.842E-01  0.842E-01
  11.918  0.291E+00  0.969E-01  0.969E-01  0.969E-01
  12.018  0.296E+00  0.987E-01  0.987E-01  0.987E-01
  12.118  0.332E+00  0.111E+00  0.111E+00  0.111E+00
  12.218  0.339E+00  0.113E+00  0.113E+00  0.113E+00
  12.318  0.276E+00  0.919E-01  0.919E-01  0.919E-01
  12.418  0.193E+00  0.642E-01  0.642E-01  0.642E-01
  12.518  0.159E+00  0.530E-01  0.530E-01  0.530E-01
  12.618  0.150E+00  0.499E-01  0.499E-01  0.499E-01
  12.718  0.151E+00  0.504E-01  0.504E-01  0.504E-01
  12.818  0.208E+00  0.694E-01  0.694E-01  0.694E-01
  12.918  0.258E+00  0.862E-01  0.862E-01  0.862E-01
  13.018  0.293E+00  0.978E-01  0.978E-01  0.978E-01
  13.118  0.335E+00  0.112E+00  0.112E+00  0.112E+00
  13.218  0.262E+00  0.874E-01  0.874E-01  0.874E-01
  13.318  0.128E+00  0.427E-01  0.427E-01  0.427E-01
  13.418  0.774E-01  0.258E-01  0.258E-01  0.258E-01
  13.518  0.776E-01  0.259E-01  0.259E-01  0.259E-01
  13.618  0.860E-01  0.287E-01  0.287E-01  0.287E-01
  13.718  0.961E-01  0.320E-01  0.320E-01  0.320E-01
  13.818  0.132E+00  0.441E-01  0.441E-01  0.441E-01
  13.918  0.139E+00  0.465E-01  0.465E-01  0.465E-01
  14.018  0.215E+00  0.718E-01  0.718E-01  0.718E-01
  14.118  0.230E+00  0.768E-01  0.768E-01  0.768E-01
  14.218  0.957E-01  0.319E-01  0.319E-01  0.319E-01
  14.318  0.378E-01  0.126E-01  0.126E-01  0.126E-01
  14.418  0.317E-01  0.106E-01  0.106E-01  0.106E-01
  14.518  0.387E-01  0.129E-01  0.129E-01  0.129E-01
  14.618  0.490E-01  0.163E-01  0.163E-01  0.163E-01
  14.718  0.622E-01  0.207E-01  0.207E-01  0.207E-01
  14.818  0.541E-01  0.180E-01  0.180E-01  0.180E-01
  14.918  0.656E-01  0.219E-01  0.219E-01  0.219E-01
  15.018  0.131E+00  0.437E-01  0.437E-01  0.437E-01
  15.118  0.712E-01  0.237E-01  0.237E-01  0.237E-01
  15.218  0.684E-02  0.228E-02  0.228E-02  0.228E-02
  15.318  0.543E-03  0.181E-03  0.181E-03  0.181E-03
  15.418  0.666E-02  0.222E-02  0.222E-02  0.222E-02
  15.518  0.186E-01  0.620E-02  0.620E-02  0.620E-02
  15.618  0.369E-01  0.123E-01  0.123E-01  0.123E-01
  15.718  0.459E-01  0.153E-01  0.153E-01  0.153E-01
  15.818  0.256E-01  0.855E-02  0.855E-02  0.855E-02
  15.918  0.408E-01  0.136E-01  0.136E-01  0.136E-01
  16.018  0.188E-01  0.628E-02  0.628E-02  0.628E-02
  16.118  0.182E-02  0.605E-03  0.605E-03  0.605E-03
  16.218  0.487E-03  0.162E-03  0.162E-03  0.162E-03
  16.318  0.315E-02  0.105E-02  0.105E-02  0.105E-02
  16.418  0.294E-02  0.979E-03  0.979E-03  0.979E-03
  16.518  0.371E-03  0.124E-03  0.124E-03  0.124E-03
  16.618  0.633E-05  0.211E-05  0.211E-05  0.211E-05
  16.718  0.146E-07  0.488E-08  0.488E-08  0.488E-08
