  -6.182  0.200E-06  0.200E-06
  -6.082  0.495E-04  0.495E-04
  -5.982  0.206E-02  0.206E-02
  -5.882  0.176E-01  0.176E-01
  -5.782  0.458E-01  0.458E-01
  -5.682  0.670E-01  0.670E-01
  -5.582  0.784E-01  0.784E-01
  -5.482  0.923E-01  0.923E-01
  -5.382  0.940E-01  0.940E-01
  -5.282  0.111E+00  0.111E+00
  -5.182  0.105E+00  0.105E+00
  -5.082  0.121E+00  0.121E+00
  -4.982  0.129E+00  0.129E+00
  -4.882  0.117E+00  0.117E+00
  -4.782  0.145E+00  0.145E+00
  -4.682  0.144E+00  0.144E+00
  -4.582  0.131E+00  0.131E+00
  -4.482  0.163E+00  0.163E+00
  -4.382  0.164E+00  0.164E+00
  -4.282  0.154E+00  0.154E+00
  -4.182  0.164E+00  0.164E+00
  -4.082  0.196E+00  0.196E+00
  -3.982  0.188E+00  0.188E+00
  -3.882  0.177E+00  0.177E+00
  -3.782  0.213E+00  0.213E+00
  -3.682  0.249E+00  0.249E+00
  -3.582  0.238E+00  0.238E+00
  -3.482  0.248E+00  0.248E+00
  -3.382  0.327E+00  0.327E+00
  -3.282  0.277E+00  0.277E+00
  -3.182  0.229E+00  0.229E+00
  -3.082  0.255E+00  0.255E+00
  -2.982  0.259E+00  0.259E+00
  -2.882  0.205E+00  0.205E+00
  -2.782  0.198E+00  0.198E+00
  -2.682  0.217E+00  0.217E+00
  -2.582  0.184E+00  0.184E+00
  -2.482  0.158E+00  0.158E+00
  -2.382  0.171E+00  0.171E+00
  -2.282  0.155E+00  0.155E+00
  -2.182  0.122E+00  0.122E+00
  -2.082  0.121E+00  0.121E+00
  -1.982  0.116E+00  0.116E+00
  -1.882  0.879E-01  0.879E-01
  -1.782  0.591E-01  0.591E-01
  -1.682  0.383E-01  0.383E-01
  -1.582  0.414E-01  0.414E-01
  -1.482  0.342E-01  0.342E-01
  -1.382  0.249E-01  0.249E-01
  -1.282  0.753E-01  0.753E-01
  -1.182  0.115E+00  0.115E+00
  -1.082  0.751E-01  0.751E-01
  -0.982  0.898E-01  0.898E-01
  -0.882  0.191E+00  0.191E+00
  -0.782  0.203E+00  0.203E+00
  -0.682  0.246E+00  0.246E+00
  -0.582  0.278E+00  0.278E+00
  -0.482  0.228E+00  0.228E+00
  -0.382  0.158E+00  0.158E+00
  -0.282  0.153E+00  0.153E+00
  -0.182  0.143E+00  0.143E+00
  -0.082  0.131E+00  0.131E+00
   0.018  0.122E+00  0.122E+00
   0.118  0.992E-01  0.992E-01
   0.218  0.112E+00  0.112E+00
   0.318  0.942E-01  0.942E-01
   0.418  0.882E-01  0.882E-01
   0.518  0.797E-01  0.797E-01
   0.618  0.944E-01  0.944E-01
   0.718  0.582E-01  0.582E-01
   0.818  0.769E-01  0.769E-01
   0.918  0.677E-01  0.677E-01
   1.018  0.485E-01  0.485E-01
   1.118  0.770E-01  0.770E-01
   1.218  0.502E-01  0.502E-01
   1.318  0.434E-01  0.434E-01
   1.418  0.495E-01  0.495E-01
   1.518  0.428E-01  0.428E-01
   1.618  0.572E-01  0.572E-01
   1.718  0.403E-01  0.403E-01
   1.818  0.301E-01  0.301E-01
   1.918  0.559E-01  0.559E-01
   2.018  0.408E-01  0.408E-01
   2.118  0.560E-01  0.560E-01
   2.218  0.640E-01  0.640E-01
   2.318  0.479E-01  0.479E-01
   2.418  0.404E-01  0.404E-01
   2.518  0.515E-01  0.515E-01
   2.618  0.583E-01  0.583E-01
   2.718  0.555E-01  0.555E-01
   2.818  0.510E-01  0.510E-01
   2.918  0.425E-01  0.425E-01
   3.018  0.468E-01  0.468E-01
   3.118  0.454E-01  0.454E-01
   3.218  0.433E-01  0.433E-01
   3.318  0.514E-01  0.514E-01
   3.418  0.457E-01  0.457E-01
   3.518  0.312E-01  0.312E-01
   3.618  0.287E-01  0.287E-01
   3.718  0.442E-01  0.442E-01
   3.818  0.365E-01  0.365E-01
   3.918  0.253E-01  0.253E-01
   4.018  0.291E-01  0.291E-01
   4.118  0.326E-01  0.326E-01
   4.218  0.235E-01  0.235E-01
   4.318  0.200E-01  0.200E-01
   4.418  0.228E-01  0.228E-01
   4.518  0.180E-01  0.180E-01
   4.618  0.176E-01  0.176E-01
   4.718  0.186E-01  0.186E-01
   4.818  0.149E-01  0.149E-01
   4.918  0.112E-01  0.112E-01
   5.018  0.823E-02  0.823E-02
   5.118  0.817E-02  0.817E-02
   5.218  0.740E-02  0.740E-02
   5.318  0.814E-02  0.814E-02
   5.418  0.614E-02  0.614E-02
   5.518  0.412E-02  0.412E-02
   5.618  0.241E-02  0.241E-02
   5.718  0.171E-02  0.171E-02
   5.818  0.190E-02  0.190E-02
   5.918  0.182E-02  0.182E-02
   6.018  0.787E-03  0.787E-03
   6.118  0.971E-04  0.971E-04
   6.218  0.215E-05  0.215E-05
   6.318  0.181E-07  0.181E-07
   6.418  0.477E-05  0.477E-05
   6.518  0.296E-03  0.296E-03
   6.618  0.332E-02  0.332E-02
   6.718  0.140E-01  0.140E-01
   6.818  0.276E-01  0.276E-01
   6.918  0.391E-01  0.391E-01
   7.018  0.536E-01  0.536E-01
   7.118  0.608E-01  0.608E-01
   7.218  0.697E-01  0.697E-01
   7.318  0.678E-01  0.678E-01
   7.418  0.593E-01  0.593E-01
   7.518  0.701E-01  0.701E-01
   7.618  0.963E-01  0.963E-01
   7.718  0.970E-01  0.970E-01
   7.818  0.105E+00  0.105E+00
   7.918  0.140E+00  0.140E+00
   8.018  0.143E+00  0.143E+00
   8.118  0.123E+00  0.123E+00
   8.218  0.160E+00  0.160E+00
   8.318  0.216E+00  0.216E+00
   8.418  0.207E+00  0.207E+00
   8.518  0.228E+00  0.228E+00
   8.618  0.215E+00  0.215E+00
   8.718  0.165E+00  0.165E+00
   8.818  0.140E+00  0.140E+00
   8.918  0.140E+00  0.140E+00
   9.018  0.117E+00  0.117E+00
   9.118  0.786E-01  0.786E-01
   9.218  0.693E-01  0.693E-01
   9.318  0.105E+00  0.105E+00
   9.418  0.113E+00  0.113E+00
   9.518  0.112E+00  0.112E+00
   9.618  0.100E+00  0.100E+00
   9.718  0.797E-01  0.797E-01
   9.818  0.103E+00  0.103E+00
   9.918  0.114E+00  0.114E+00
  10.018  0.872E-01  0.872E-01
  10.118  0.808E-01  0.808E-01
  10.218  0.740E-01  0.740E-01
  10.318  0.866E-01  0.866E-01
  10.418  0.990E-01  0.990E-01
  10.518  0.751E-01  0.751E-01
  10.618  0.492E-01  0.492E-01
  10.718  0.541E-01  0.541E-01
  10.818  0.869E-01  0.869E-01
  10.918  0.947E-01  0.947E-01
  11.018  0.829E-01  0.829E-01
  11.118  0.850E-01  0.850E-01
  11.218  0.856E-01  0.856E-01
  11.318  0.918E-01  0.918E-01
  11.418  0.830E-01  0.830E-01
  11.518  0.534E-01  0.534E-01
  11.618  0.680E-01  0.680E-01
  11.718  0.753E-01  0.753E-01
  11.818  0.784E-01  0.784E-01
  11.918  0.841E-01  0.841E-01
  12.018  0.741E-01  0.741E-01
  12.118  0.739E-01  0.739E-01
  12.218  0.694E-01  0.694E-01
  12.318  0.518E-01  0.518E-01
  12.418  0.370E-01  0.370E-01
  12.518  0.372E-01  0.372E-01
  12.618  0.407E-01  0.407E-01
  12.718  0.419E-01  0.419E-01
  12.818  0.548E-01  0.548E-01
  12.918  0.673E-01  0.673E-01
  13.018  0.623E-01  0.623E-01
  13.118  0.544E-01  0.544E-01
  13.218  0.361E-01  0.361E-01
  13.318  0.219E-01  0.219E-01
  13.418  0.203E-01  0.203E-01
  13.518  0.179E-01  0.179E-01
  13.618  0.149E-01  0.149E-01
  13.718  0.185E-01  0.185E-01
  13.818  0.263E-01  0.263E-01
  13.918  0.284E-01  0.284E-01
  14.018  0.295E-01  0.295E-01
  14.118  0.237E-01  0.237E-01
  14.218  0.129E-01  0.129E-01
  14.318  0.647E-02  0.647E-02
  14.418  0.620E-02  0.620E-02
  14.518  0.559E-02  0.559E-02
  14.618  0.476E-02  0.476E-02
  14.718  0.229E-02  0.229E-02
  14.818  0.250E-02  0.250E-02
  14.918  0.440E-02  0.440E-02
  15.018  0.621E-02  0.621E-02
  15.118  0.357E-02  0.357E-02
  15.218  0.410E-03  0.410E-03
  15.318  0.286E-04  0.286E-04
  15.418  0.302E-03  0.302E-03
  15.518  0.681E-03  0.681E-03
  15.618  0.816E-03  0.816E-03
  15.718  0.108E-02  0.108E-02
  15.818  0.618E-03  0.618E-03
  15.918  0.959E-03  0.959E-03
  16.018  0.435E-03  0.435E-03
  16.118  0.410E-04  0.410E-04
  16.218  0.696E-06  0.696E-06
  16.318  0.179E-08  0.179E-08
  16.418  0.648E-12  0.648E-12
  16.518  0.654E-15  0.654E-15
  16.618  0.106E-16  0.106E-16
  16.718  0.246E-19  0.246E-19
